47 80 98 44 117 85 75 47 83 69 73 67 84 81 88 76 43 67 87 100 52 54 103 91 76 76 85 45 53 24 15 56 57 29 10 27 21 100 35 97 10 92 6 85 65 46 16 94 83 111 78 33 10 102 23 40 72 80 48 34 66 41 39 67 53 34 50 83 87 89 54 79 44 37 75 50 66 82 56 61 97 77 6 100 82 87 86 99 80 26 85 9 26 41 71 30 63 79 70 55 38 50 66 78 73 48 113 83 26 40 91 108 89 78 19 49 99 50 5 82 83 83 17 62 77 21 22 89 40 43 76 62 50 58 116 31 65 35 92 83 92 83 56 88 37 20 51 77 112 41 51 27 110 76 101 39 90 97 100 49 80 41 38 57 20 75 70 81 80 93 61 83 94 18 19 82 60 61 96 110 48 15 72 10 80 94 34 37 41 79 48 84 88 79 59 46 62 75 13 
42 54 5 69 59 50 14 36 32 26 21 37 38 62 46 18 48 47 53 33 12 59 73 34 40 38 3 7 36 32 9 33 38 48 24 27 52 34 49 55 48 45 50 23 47 34 47 46 64 34 40 57 57 30 30 47 41 18 33 50 42 24 25 24 36 41 63 41 50 7 51 14 33 32 13 37 42 42 14 51 37 42 53 37 64 39 53 32 30 48 47 42 46 50 26 15 33 44 31 36 13 19 63 28 13 66 36 23 21 46 62 69 49 32 12 53 15 43 38 60 35 38 15 50 34 34 48 13 19 33 36 7 29 69 40 23 17 45 64 61 62 30 41 14 42 25 54 65 10 24 41 64 31 54 45 51 51 54 45 53 16 38 14 34 44 44 34 53 49 29 64 46 48 40 34 29 44 49 63 9 35 48 42 44 46 14 32 19 56 32 52 54 44 25 7 21 47 36 
21 40 55 24 85 33 33 63 43 45 39 59 26 14 36 29 8 53 74 48 27 42 57 4 44 42 43 58 68 38 25 56 76 64 59 45 49 39 84 18 81 78 52 50 72 33 4 57 54 82 88 30 57 72 21 1 31 75 89 50 66 52 27 51 40 98 53 8 42 18 56 75 13 31 72 3 35 33 52 5 74 44 51 32 46 56 34 54 73 84 61 53 27 67 34 23 20 27 79 31 26 39 47 33 43 26 62 40 19 35 37 80 71 32 54 55 74 55 28 33 64 34 83 73 74 66 55 36 12 73 35 66 56 56 52 59 44 100 20 32 25 40 56 82 65 89 45 40 29 82 38 18 37 54 10 57 58 45 86 39 81 48 74 75 18 44 85 17 65 37 47 71 64 36 20 31 50 38 50 64 83 78 4 35 48 74 38 26 35 81 12 5 20 37 21 81 67 
55 37 39 88 50 29 66 44 49 34 57 40 34 54 49 12 42 82 57 5 57 57 25 39 55 53 78 85 48 46 76 95 78 76 33 69 27 103 6 98 77 56 71 88 21 21 43 53 95 107 10 76 83 41 20 49 87 94 71 78 56 46 71 61 101 48 15 52 36 67 87 23 47 76 18 56 42 42 21 92 31 48 47 41 46 32 73 71 100 81 74 47 81 42 23 40 48 90 47 35 57 48 49 23 23 77 58 8 15 52 82 86 48 44 64 93 52 45 29 83 42 85 88 89 62 67 54 21 79 49 72 39 76 56 72 35 102 31 49 45 33 69 96 74 92 26 56 48 96 17 23 21 75 12 48 49 66 87 56 92 55 89 77 39 41 86 5 70 54 38 91 84 33 40 52 41 18 61 83 86 95 24 24 64 86 56 44 56 81 24 25 39 52 35 83 85 
72 55 55 10 39 38 31 26 41 44 58 43 13 44 46 57 37 17 59 69 39 38 42 2 12 31 30 13 29 33 45 24 23 56 29 52 52 49 43 56 28 42 33 50 44 67 39 42 54 58 26 33 43 40 13 35 54 37 27 30 20 31 36 68 46 49 12 48 18 35 32 9 42 41 37 17 55 36 39 56 42 61 43 57 35 25 54 46 37 41 46 27 18 35 40 27 38 9 21 59 33 8 68 38 22 16 47 64 65 54 31 8 57 20 40 43 56 38 34 18 55 33 34 53 15 14 33 41 6 34 72 35 28 19 48 69 58 58 26 44 16 41 30 59 68 5 20 42 65 31 56 40 50 55 58 40 58 11 41 19 34 49 40 38 58 49 34 60 50 43 36 37 25 39 53 65 14 31 53 40 42 49 10 34 14 52 27 58 52 41 22 3 19 52 33 
76 80 73 33 62 46 52 32 47 77 69 78 84 47 22 84 65 32 94 51 59 33 72 64 102 102 60 77 102 117 92 96 17 96 20 125 36 115 64 57 102 103 23 57 12 46 103 127 26 98 90 76 54 74 96 90 100 86 56 74 98 92 90 37 52 63 73 76 94 48 69 72 51 88 55 24 52 111 16 41 84 33 26 37 96 57 117 107 104 82 92 54 39 75 78 97 69 52 94 47 71 14 35 92 83 36 22 89 72 101 70 24 71 113 43 82 34 106 54 75 102 102 47 78 78 47 76 67 73 3 103 57 84 25 92 68 86 75 28 81 109 77 83 10 76 75 107 21 44 18 104 49 29 27 97 76 79 99 62 102 69 74 38 76 37 69 90 25 115 107 35 70 85 24 19 71 104 79 111 59 23 83 94 80 81 85 68 61 60 67 71 58 74 105 
107 46 58 85 66 67 63 82 2 12 46 18 29 77 93 68 45 18 80 22 69 58 62 61 78 58 28 57 79 77 67 69 50 63 87 40 88 101 74 44 82 56 20 81 77 96 92 50 63 89 13 25 43 90 109 47 83 75 36 51 36 120 77 24 61 7 73 91 37 46 94 27 30 54 77 29 80 68 75 7 71 81 59 59 96 91 62 49 14 81 56 48 16 31 94 46 48 18 71 47 63 51 75 48 41 55 13 103 82 47 79 74 79 79 6 58 68 55 105 85 86 90 71 45 37 94 51 87 78 56 74 74 68 121 10 9 31 64 72 93 84 111 66 53 37 95 57 42 59 50 27 81 83 39 108 49 96 69 85 98 15 68 108 39 86 14 71 72 67 61 30 24 75 58 68 70 105 87 19 59 60 90 47 7 37 104 15 19 34 52 40 103 72 
65 58 22 43 40 54 32 110 94 68 99 86 57 22 39 89 123 31 85 50 53 45 79 61 48 84 83 82 50 65 65 82 67 86 82 69 17 33 96 58 70 90 68 35 43 83 84 72 34 97 84 68 40 13 90 36 33 75 83 92 13 43 91 46 100 39 38 72 63 13 84 93 52 55 80 73 66 41 113 49 54 55 74 23 68 85 94 100 45 50 65 93 82 37 64 59 114 40 63 86 64 53 71 79 87 118 8 56 63 55 35 75 37 109 58 77 51 4 54 52 33 42 69 73 15 57 21 77 86 33 44 57 14 106 111 81 57 44 56 27 4 83 60 75 50 88 68 74 92 91 50 52 95 5 66 37 38 54 10 93 47 6 83 21 114 56 86 80 54 78 95 55 86 41 71 2 65 89 67 59 37 69 105 83 14 98 89 74 58 66 5 71 
40 47 36 33 43 50 49 34 5 34 40 60 48 26 55 59 46 30 46 12 20 29 35 19 19 29 45 31 26 57 24 53 53 45 47 65 36 34 38 49 37 69 46 50 56 55 25 42 34 33 3 44 64 30 36 38 10 25 27 78 51 42 20 38 28 44 27 3 52 34 27 20 58 30 41 57 47 51 47 61 37 23 62 50 34 34 35 35 22 34 30 17 48 3 21 49 39 1 67 38 29 10 43 61 55 63 38 3 60 30 42 49 46 39 34 22 64 40 41 60 25 6 29 51 9 44 73 31 36 28 51 79 49 48 15 46 25 48 40 69 67 7 10 49 63 29 55 33 43 60 62 31 68 6 50 28 40 58 30 42 67 45 44 50 53 42 34 40 15 29 56 63 24 32 63 45 34 49 14 44 7 42 18 67 44 33 13 7 15 62 34 
37 16 21 5 27 60 47 45 59 30 21 55 33 30 76 27 35 10 38 31 69 68 27 48 69 84 59 62 17 64 13 91 23 81 47 28 72 70 12 37 29 23 72 93 25 64 59 53 32 41 64 66 69 54 27 43 66 63 71 20 36 30 52 44 63 21 36 48 31 60 22 19 28 78 17 19 65 13 23 4 63 41 83 75 73 58 60 20 10 50 48 66 37 19 71 19 38 31 7 59 50 21 29 71 52 68 37 22 39 79 23 62 0 73 20 55 69 69 33 45 46 21 50 33 45 33 71 28 51 11 73 53 66 45 7 48 77 48 63 30 43 44 74 31 16 18 72 35 23 25 67 58 46 68 30 69 48 49 11 57 25 42 70 14 82 74 4 40 58 18 30 38 70 57 78 38 10 49 62 48 59 54 51 45 39 37 38 27 53 72 
21 18 33 14 88 73 51 79 64 40 22 20 68 102 11 63 29 35 26 66 53 28 64 69 74 41 54 45 67 46 79 60 65 18 11 80 52 49 68 51 15 44 79 62 59 31 76 62 50 38 29 75 30 10 55 68 74 35 24 69 26 78 25 36 50 44 11 62 74 30 37 58 65 47 21 92 29 37 33 60 16 65 73 79 79 39 29 42 73 63 38 44 37 93 18 45 66 42 43 54 57 66 97 17 50 44 38 20 67 18 88 36 66 29 19 49 48 20 29 52 51 14 38 12 60 72 11 34 37 36 84 91 61 36 32 54 18 26 63 43 56 50 67 45 54 77 68 34 36 78 22 49 39 18 50 12 72 26 22 61 8 94 37 76 69 33 58 75 37 66 24 61 20 60 67 46 44 35 52 84 65 20 76 67 54 40 45 17 62 
6 13 16 69 54 41 63 43 27 39 19 46 84 13 44 12 29 19 62 57 17 50 63 75 46 53 28 59 28 81 38 70 34 12 70 58 28 48 38 11 57 83 41 57 44 59 42 38 50 50 66 39 11 42 61 62 56 15 48 19 60 30 48 29 32 32 41 61 15 24 38 67 29 11 74 13 27 12 56 30 71 68 70 63 46 13 21 55 49 51 33 19 77 4 34 47 21 47 45 36 45 79 38 55 32 26 25 69 14 69 15 65 14 40 56 56 25 32 42 30 34 27 29 45 66 12 38 20 58 64 73 46 17 35 63 32 48 45 36 43 60 47 25 34 69 47 24 27 67 43 40 53 16 57 33 55 8 42 40 26 76 21 74 67 12 42 60 23 46 25 61 42 66 47 26 40 47 43 66 53 38 56 47 38 31 28 38 62 
20 17 70 55 38 62 46 33 33 13 51 84 14 45 19 24 14 58 51 13 48 59 69 40 48 35 55 34 76 43 64 34 7 67 51 34 50 44 13 50 77 47 52 37 59 44 35 43 45 62 33 7 40 57 60 53 20 51 14 60 24 42 31 29 28 44 59 13 30 40 62 36 15 74 19 32 17 52 30 65 64 67 62 40 11 25 55 47 45 30 19 77 6 31 53 26 41 42 40 51 79 35 49 29 32 18 64 17 70 21 59 12 37 50 49 27 26 38 32 29 23 23 51 62 7 32 26 55 66 73 45 24 29 57 26 44 51 31 41 54 52 27 40 66 50 30 33 64 41 36 46 9 50 30 55 14 40 44 21 76 27 69 62 18 41 59 29 51 19 56 38 60 49 32 35 41 39 67 51 36 58 49 37 27 27 35 57 
22 65 52 49 64 36 17 53 32 35 82 23 41 5 40 31 72 69 28 53 72 86 59 64 15 67 14 93 29 82 42 26 76 70 15 43 26 18 71 95 29 67 57 58 38 45 63 62 72 53 24 47 69 67 67 14 41 31 57 43 62 26 39 44 36 64 24 15 34 79 16 14 71 7 18 5 66 36 84 77 77 63 59 22 15 55 53 65 40 22 77 15 41 33 12 59 53 26 32 76 47 68 40 17 38 81 18 67 5 75 22 51 69 69 28 45 49 27 47 36 42 32 74 26 51 7 68 59 71 50 4 48 76 46 58 31 45 48 74 33 21 20 76 40 18 20 72 53 49 66 29 70 43 54 7 52 30 39 75 10 84 77 3 45 63 13 32 38 72 53 78 44 12 51 61 51 65 58 46 50 44 41 40 31 49 73 
85 70 55 79 57 25 37 27 58 100 4 60 17 42 31 75 65 31 66 76 85 53 64 32 73 34 91 51 77 20 16 85 65 37 63 36 5 59 91 52 68 45 75 58 53 52 42 80 43 14 58 75 78 44 10 63 31 76 36 50 45 47 24 57 77 31 23 53 76 34 8 90 16 22 25 69 14 78 81 85 79 51 29 35 72 65 52 48 35 93 12 49 53 34 55 59 49 54 95 25 62 47 24 30 78 4 86 27 76 29 29 62 61 9 40 56 46 29 41 26 45 79 16 45 24 46 79 89 62 24 43 68 32 36 50 49 59 64 55 40 42 83 62 19 21 82 30 54 53 24 63 21 71 15 30 53 23 93 23 86 78 23 58 76 23 53 33 71 32 73 63 34 52 50 57 83 68 23 71 63 54 45 44 27 72 
15 49 21 31 79 96 71 45 16 83 25 71 61 65 64 80 61 31 60 81 80 70 71 53 64 89 41 91 104 77 47 85 58 22 82 80 99 95 51 66 91 16 27 46 93 112 49 86 77 39 54 38 123 80 26 64 10 76 94 39 49 96 29 32 57 78 31 82 69 78 6 73 82 61 62 99 94 64 51 17 84 59 50 19 34 97 49 50 19 73 50 64 53 77 51 43 55 12 106 85 50 80 77 82 82 7 60 71 58 108 88 89 93 74 48 39 97 54 89 79 58 77 77 70 124 10 10 34 66 75 96 87 114 67 56 40 98 57 44 61 53 28 83 85 41 111 52 99 71 88 100 18 70 110 40 89 14 73 74 70 63 33 27 76 59 71 73 108 89 21 61 63 93 50 9 40 107 16 21 36 55 43 105 75 
35 15 21 67 80 56 39 29 68 11 57 45 49 53 67 46 19 49 71 66 57 60 43 53 79 32 78 89 61 40 71 47 12 72 65 85 84 43 53 76 7 15 31 78 96 41 71 62 25 44 30 107 66 18 49 5 61 79 26 34 81 17 24 42 66 18 70 58 64 19 59 70 47 50 84 82 54 44 13 70 44 37 7 21 82 34 35 24 58 35 57 40 63 37 33 49 24 90 71 34 68 61 71 67 15 47 60 43 92 74 75 79 59 34 25 81 39 74 71 49 61 62 58 109 15 18 20 54 60 82 72 99 59 41 26 84 51 31 51 45 21 70 72 34 96 38 84 56 74 85 6 56 95 31 73 22 61 65 59 50 18 19 64 52 56 61 92 77 10 50 48 78 36 12 28 92 13 9 21 40 28 90 63 
32 43 66 50 30 60 58 51 33 51 15 24 24 32 24 18 23 40 30 22 63 18 58 49 49 44 69 41 29 36 54 39 75 51 50 52 60 21 43 33 36 4 44 67 24 37 42 10 20 23 81 56 45 24 39 30 45 32 9 55 38 24 25 64 34 37 63 52 50 53 67 43 18 66 47 29 29 34 35 28 39 30 15 48 8 26 47 44 7 72 43 28 4 48 66 54 67 36 8 66 33 38 55 45 45 29 27 68 38 40 65 27 1 33 54 14 47 78 25 41 28 56 82 51 47 15 52 26 46 42 72 72 8 9 48 68 34 61 28 46 65 68 27 71 3 50 32 38 62 30 48 71 49 47 49 59 37 29 45 17 27 62 68 27 28 66 42 37 55 13 44 2 41 14 71 46 36 15 10 20 65 30 
37 80 82 59 55 25 76 25 68 46 53 43 61 50 14 39 60 62 50 73 32 67 68 48 71 96 67 26 66 61 28 86 74 82 74 59 45 76 8 30 30 76 98 28 70 69 23 33 17 111 76 34 53 14 62 77 38 35 85 32 11 48 78 31 62 72 73 19 70 82 58 41 92 74 43 30 3 67 50 49 9 16 80 35 43 15 67 35 73 53 60 32 48 64 22 96 66 35 81 64 62 77 15 58 50 50 97 69 71 88 59 31 38 84 41 77 85 37 67 61 70 113 27 15 18 66 59 77 74 103 74 40 24 79 67 42 66 31 37 82 84 20 101 35 82 61 69 91 10 66 100 47 77 16 73 53 49 61 20 6 77 67 58 53 96 70 25 63 45 76 33 11 20 98 28 24 25 41 34 95 55 
48 77 51 18 47 56 12 41 47 46 66 75 42 34 64 84 70 66 39 57 33 92 11 88 77 53 59 78 27 9 51 53 87 96 22 65 76 29 8 39 80 91 58 71 53 35 59 49 99 51 5 45 25 60 80 15 38 74 5 43 36 48 9 81 38 49 37 43 52 32 62 72 90 69 62 34 73 37 21 28 36 83 37 28 46 47 39 35 23 68 47 12 27 42 81 77 38 50 58 82 54 34 30 72 36 83 79 80 64 60 43 13 75 40 68 49 64 53 64 40 101 22 38 33 36 61 88 69 90 37 46 37 88 29 18 30 62 4 53 54 53 86 46 85 50 80 76 27 42 86 9 67 43 42 79 72 34 28 39 46 30 54 72 84 85 11 30 54 79 45 33 44 81 14 13 28 43 26 81 74 
62 46 41 96 29 56 14 56 47 89 84 44 70 89 102 74 80 10 84 15 109 38 97 42 37 93 85 21 57 11 25 83 110 34 83 69 74 52 62 76 68 90 66 35 64 86 84 68 15 54 46 72 57 74 42 57 50 50 81 40 2 49 95 11 19 85 14 4 23 83 35 99 95 94 79 73 38 31 71 70 76 57 40 92 27 59 30 27 75 70 37 34 91 49 83 57 1 52 97 21 82 21 92 39 53 83 83 25 60 66 42 55 53 51 20 91 37 66 9 70 71 86 67 14 63 90 56 61 26 62 66 87 34 37 22 93 52 7 6 89 54 66 78 43 84 47 70 19 53 40 48 90 7 101 93 20 62 79 3 32 52 88 57 93 58 18 67 73 68 80 76 46 63 59 58 57 48 52 90 
25 85 107 33 73 50 35 31 57 38 35 67 61 59 27 43 67 61 67 63 76 47 33 27 75 35 68 79 74 37 22 61 81 50 11 81 73 51 18 16 70 14 28 58 62 72 32 46 81 32 85 19 15 62 46 15 74 74 41 60 69 50 68 43 98 50 60 51 52 36 46 63 73 84 22 40 58 78 65 16 47 48 97 37 46 86 59 30 51 73 85 103 26 33 46 61 19 52 41 94 55 54 40 24 31 29 43 22 51 63 10 41 10 82 64 27 23 58 33 94 96 64 57 24 34 8 25 84 41 58 29 86 59 74 71 82 56 59 75 28 47 17 26 32 23 78 46 28 77 14 98 58 63 57 52 63 77 59 85 24 49 20 42 77 65 38 15 50 90 64 32 87 77 59 41 53 22 49 
60 84 23 47 32 15 6 47 38 10 45 49 57 27 36 48 46 46 63 51 51 38 11 59 38 45 53 57 24 38 64 57 40 26 58 48 30 31 40 54 21 13 36 48 54 52 32 56 6 61 11 30 36 24 25 48 54 15 43 44 49 48 28 75 32 45 29 41 36 52 53 59 61 27 15 33 54 43 33 24 23 74 19 25 64 35 28 33 48 62 79 37 36 24 45 7 51 28 70 32 48 15 38 37 36 37 13 31 38 25 18 18 64 52 11 19 39 53 69 72 41 36 16 44 17 43 63 22 36 41 63 34 52 57 56 43 45 57 41 28 35 3 37 31 54 27 41 52 17 75 40 58 50 30 39 55 42 63 6 43 36 47 52 43 24 29 31 66 45 40 61 51 35 19 28 35 45 
62 58 31 40 60 56 83 90 52 52 81 101 83 81 31 75 25 109 10 103 77 58 77 92 20 27 40 54 99 112 7 81 87 47 26 55 91 96 76 81 58 52 77 67 102 49 20 56 42 70 91 27 52 78 23 62 46 41 26 97 29 49 52 41 45 34 78 71 105 87 80 52 85 45 26 46 54 94 52 39 63 49 55 18 25 82 64 12 10 57 83 91 53 42 67 98 53 50 31 89 45 86 93 93 62 71 60 26 81 53 75 35 82 58 76 35 104 35 54 51 33 73 101 77 94 21 61 54 100 12 27 18 80 18 47 47 72 88 61 96 59 93 79 45 42 88 10 73 59 37 96 89 35 46 58 40 13 65 88 88 100 30 24 69 90 62 50 62 81 29 31 45 57 40 84 90 
98 40 87 71 77 67 86 74 40 62 83 88 76 87 57 81 91 58 95 118 90 46 91 75 39 99 95 108 97 68 70 101 26 43 56 102 124 50 96 91 49 57 41 136 96 43 77 24 87 103 55 60 110 45 35 71 95 47 86 86 93 10 89 99 77 66 114 99 66 51 23 93 73 66 29 42 106 60 65 13 88 60 81 69 85 58 60 72 5 120 92 61 97 89 86 97 14 76 74 72 121 95 96 108 85 57 55 109 66 102 96 60 91 87 87 137 26 11 43 83 84 102 99 127 84 66 49 105 74 60 77 53 45 99 101 42 125 61 108 84 95 114 29 86 124 57 102 9 89 75 72 79 44 31 93 75 83 78 121 95 37 78 71 102 58 17 45 121 33 37 48 66 56 119 80 
58 19 37 27 70 60 27 62 72 80 48 59 34 69 36 86 51 72 21 11 81 60 38 61 40 4 54 86 52 63 41 72 56 49 48 40 76 38 9 54 70 74 43 13 62 26 73 32 46 43 43 21 55 73 27 26 52 72 36 10 87 18 26 24 64 16 73 76 80 76 47 25 34 69 61 48 44 32 90 9 44 55 33 50 55 48 56 93 24 57 43 27 26 74 7 83 27 71 26 28 57 56 13 35 52 44 25 37 22 49 75 11 40 26 45 78 86 59 26 38 63 28 35 52 44 55 59 56 38 43 79 61 23 26 78 30 50 49 20 58 20 68 16 29 52 19 90 25 81 73 23 55 73 26 55 29 66 30 68 61 35 47 45 53 80 65 24 69 61 51 40 41 26 67 
46 39 41 54 65 37 21 52 72 62 55 48 45 42 80 22 77 79 52 46 69 36 6 61 55 80 85 34 53 70 18 4 28 73 88 45 64 52 23 46 36 98 55 12 41 16 54 73 14 29 72 7 31 33 55 6 70 47 53 30 48 59 36 50 74 80 57 49 23 65 34 25 16 23 77 28 25 36 48 30 47 29 60 36 22 40 35 81 68 29 57 54 71 56 26 35 61 33 83 71 72 68 53 32 14 73 33 65 60 52 52 57 46 100 21 30 21 42 54 79 64 89 49 37 25 80 42 19 40 49 14 59 61 40 86 35 79 47 71 76 15 45 85 22 64 34 49 67 60 38 16 26 53 43 49 61 83 75 4 38 45 72 35 24 31 82 14 3 17 35 19 81 63 
41 32 74 70 29 57 74 87 59 65 16 70 17 94 34 83 37 23 79 70 19 48 25 14 69 95 34 69 56 63 43 48 62 59 76 52 22 50 72 71 62 9 47 31 62 43 61 31 42 40 42 68 26 12 39 80 17 9 76 2 15 10 68 31 84 80 80 68 59 24 20 60 57 63 43 26 82 13 44 36 17 60 56 31 36 82 43 68 42 14 38 82 13 73 11 77 24 46 69 69 23 45 52 32 44 38 40 32 77 24 51 7 64 64 76 54 6 48 76 44 54 33 47 52 73 37 26 24 79 46 14 16 75 48 51 65 29 69 39 59 4 48 35 36 80 8 86 78 7 49 67 10 36 38 73 49 79 49 16 52 60 53 70 62 41 56 49 45 42 35 45 75 
10 33 30 12 31 34 45 23 24 55 31 52 53 50 43 54 26 44 32 50 46 66 37 40 55 58 27 31 46 41 15 33 52 39 25 28 22 33 39 65 44 50 10 50 15 33 33 11 40 42 40 16 54 38 39 55 40 63 42 56 35 27 51 45 39 43 48 25 18 35 42 29 37 11 21 61 31 11 68 38 22 18 47 64 67 52 31 10 56 18 41 42 58 38 35 17 52 32 33 51 13 16 34 38 7 31 71 37 26 17 48 67 60 60 28 44 14 41 27 57 68 7 22 40 66 32 56 42 51 54 57 42 56 13 39 17 33 46 42 37 56 50 32 63 49 45 37 37 27 41 52 65 12 32 50 40 44 49 11 32 16 54 30 55 53 43 24 5 21 50 33 
43 37 4 38 45 55 28 33 47 42 44 62 46 51 44 16 54 39 43 47 57 27 42 63 53 37 30 51 42 23 34 46 49 25 18 29 43 48 58 34 50 0 54 14 34 31 17 32 42 48 10 44 38 48 47 30 68 33 46 27 37 41 52 49 53 54 29 10 30 48 37 37 18 17 68 21 18 62 32 28 28 44 59 72 43 37 17 46 12 49 31 63 30 45 11 44 38 38 41 14 25 32 31 11 24 63 48 16 20 39 59 62 66 35 35 17 45 22 49 61 17 30 44 60 29 49 52 50 44 47 52 48 23 39 7 38 38 47 27 47 47 24 69 40 55 47 28 33 49 43 60 8 41 43 47 46 42 21 33 26 60 39 46 55 45 28 14 22 42 42 
22 45 34 5 18 30 13 86 10 82 26 73 28 84 59 22 27 79 60 98 71 46 31 84 7 47 48 58 28 43 73 17 42 61 31 9 26 90 78 67 44 55 41 45 56 33 67 60 32 48 86 57 19 86 73 63 75 89 66 6 83 31 6 19 47 35 50 63 46 32 48 32 50 54 65 30 96 67 27 19 72 90 64 80 28 32 89 46 18 75 58 69 7 49 80 32 33 84 37 24 57 64 36 58 102 8 58 34 80 90 68 58 33 75 34 37 52 82 96 26 29 42 92 58 85 16 69 87 90 25 83 23 49 50 31 75 47 70 83 73 60 58 82 13 6 68 38 37 85 92 41 11 76 28 58 79 22 45 22 54 24 85 65 56 38 31 44 78 12 
41 49 27 21 12 10 85 30 82 25 79 13 70 49 44 5 80 72 95 62 24 25 88 16 27 64 68 36 22 53 38 25 51 42 30 46 70 71 77 38 71 28 24 62 37 52 70 50 46 82 65 11 85 66 81 70 84 65 20 70 15 27 41 64 16 47 65 62 46 26 37 51 74 58 35 99 68 10 30 77 94 83 64 6 36 84 34 13 67 76 68 17 47 63 9 11 74 25 33 63 47 36 43 101 30 49 19 77 71 83 77 47 73 21 15 36 64 98 28 41 19 96 62 86 38 78 81 84 46 66 29 28 41 9 60 62 65 66 80 46 77 78 25 20 66 49 55 81 96 32 11 59 10 69 79 20 24 30 72 41 70 78 68 48 32 49 61 10 
36 46 58 32 36 43 42 40 65 42 54 45 17 54 43 39 43 54 26 46 66 49 39 35 48 38 22 39 50 49 29 18 27 44 47 61 32 46 3 51 18 38 26 16 35 38 46 5 41 33 51 44 28 65 30 44 23 39 42 56 51 53 51 33 6 25 45 35 42 17 13 65 20 17 58 28 32 28 39 54 69 45 41 16 44 16 53 30 60 26 47 6 47 42 42 40 19 25 28 35 10 28 60 49 17 24 35 63 58 63 33 32 21 50 27 52 57 18 28 48 56 24 45 52 46 42 45 51 50 23 44 10 42 40 44 25 49 43 27 66 37 57 49 25 30 47 40 55 12 44 46 51 42 37 23 38 26 56 37 48 51 41 26 14 18 44 45 
31 52 48 38 64 24 58 60 43 59 82 53 25 53 53 27 77 61 68 65 54 34 61 15 26 15 62 84 24 55 55 9 25 15 97 64 33 38 22 47 63 29 20 71 28 11 34 68 25 51 63 61 32 59 72 47 31 78 63 36 27 16 53 37 39 12 2 66 20 31 29 53 20 68 43 46 19 42 60 36 81 53 21 70 49 52 64 27 48 41 36 83 56 57 75 44 17 29 70 27 62 78 30 53 46 60 98 34 29 3 55 44 64 59 88 69 25 9 66 62 33 59 28 35 71 73 20 86 21 68 46 56 76 13 54 86 42 63 31 62 46 40 49 7 10 66 63 43 42 82 58 24 55 31 62 19 23 10 84 31 22 11 26 22 80 44 
21 34 18 86 6 82 29 71 33 87 61 17 32 78 58 98 72 51 35 82 11 51 44 56 27 48 77 12 46 62 29 5 21 93 79 64 45 51 44 50 55 32 71 58 27 48 87 54 24 86 75 58 76 90 66 8 85 36 5 13 42 40 50 62 42 28 52 32 50 49 66 30 95 66 31 18 70 88 59 83 33 32 89 49 23 76 54 69 12 50 83 37 38 86 40 23 56 68 36 62 102 3 60 38 80 94 65 54 30 75 38 42 56 86 95 27 27 47 90 57 84 11 66 88 91 20 87 23 54 52 36 78 43 71 86 71 63 53 82 15 10 69 35 32 85 91 44 16 80 33 55 78 24 49 21 50 21 88 62 53 36 32 43 81 18 
33 21 101 28 97 8 90 16 91 68 37 24 94 78 112 81 43 13 101 19 48 66 76 45 42 74 32 46 70 49 27 43 91 89 85 55 73 48 45 73 48 73 78 49 62 99 74 9 101 85 80 88 102 80 22 91 19 17 33 64 37 63 79 64 50 46 48 65 70 76 46 112 83 30 36 89 107 81 85 26 48 102 54 7 86 76 83 11 63 84 29 30 94 44 40 74 68 50 64 117 23 68 40 93 91 86 75 51 89 41 30 57 85 112 41 47 36 109 74 101 30 86 99 102 41 87 39 47 60 28 81 65 83 87 90 67 75 95 8 11 82 55 54 98 109 51 13 80 19 76 94 34 45 38 72 42 91 83 74 56 46 61 82 12 
16 75 36 73 37 73 23 58 38 50 11 71 68 85 51 19 37 81 23 16 64 64 34 14 43 44 13 40 41 36 49 59 60 73 28 70 16 15 56 32 39 65 53 37 71 60 23 75 55 81 60 73 55 26 58 24 36 48 65 5 38 57 61 46 18 33 44 76 47 31 90 60 3 30 70 86 84 52 9 32 73 22 26 55 76 58 27 38 51 10 10 62 14 31 57 35 30 31 91 38 37 8 67 60 81 78 46 63 10 18 24 52 89 24 40 18 88 55 78 45 74 70 73 51 55 27 20 30 10 48 61 55 54 73 34 79 68 36 30 57 47 57 70 88 21 21 47 19 66 70 17 15 29 72 43 58 75 65 45 27 44 49 21 
79 20 76 28 71 21 71 47 35 15 73 62 91 60 33 31 81 6 33 54 59 27 29 59 29 29 49 32 20 35 76 68 68 34 60 28 31 53 28 54 60 40 40 78 56 15 80 64 70 66 80 59 10 71 24 20 31 53 21 42 58 51 35 34 28 44 63 55 26 92 62 13 19 69 87 72 67 16 28 80 34 16 64 65 62 12 42 66 19 21 73 24 23 55 51 29 45 96 21 47 21 72 76 72 66 36 68 21 26 39 68 91 20 31 29 89 54 80 29 69 78 81 36 70 20 36 39 19 62 51 61 70 71 47 67 74 22 14 61 39 44 76 88 30 7 63 19 59 73 13 31 20 61 30 72 68 58 38 25 41 64 9 
81 6 108 29 98 50 40 88 86 12 48 12 30 86 110 24 82 72 66 44 58 79 74 86 68 39 59 83 79 76 22 45 46 64 59 77 35 53 56 42 76 39 10 41 95 1 24 77 16 14 20 80 44 100 92 90 72 75 37 25 64 64 80 54 36 85 29 56 21 20 75 67 27 24 82 57 84 54 11 54 96 27 74 17 90 37 61 85 84 33 61 63 35 60 51 56 16 88 40 67 8 78 62 78 62 11 64 92 60 69 18 60 61 89 24 31 12 89 43 16 16 84 62 63 81 45 85 54 63 21 61 31 53 82 8 99 91 18 56 73 9 22 54 87 64 94 50 9 66 76 65 72 71 54 54 51 53 55 43 59 89 
76 36 65 38 85 58 14 35 72 51 93 69 54 41 76 14 52 38 49 22 50 78 8 47 60 23 1 15 93 75 58 42 45 43 51 49 27 70 51 21 44 82 48 29 81 71 52 71 85 61 10 83 42 12 12 36 41 46 57 35 22 54 27 44 44 62 25 89 61 32 14 64 82 54 82 36 27 84 47 29 73 47 63 17 46 82 40 41 83 39 17 50 67 32 60 96 7 58 38 75 94 58 48 24 70 37 46 55 85 89 24 21 50 84 51 78 10 59 84 86 15 86 19 56 49 39 77 36 66 85 65 62 48 77 22 16 64 29 26 80 84 42 21 79 38 48 73 23 51 16 44 14 86 55 47 30 28 37 80 22 
105 23 95 53 40 83 83 6 42 18 31 85 107 18 78 71 60 38 54 77 76 81 67 39 54 78 74 79 24 38 44 58 57 76 30 49 58 36 70 35 15 35 91 5 26 70 18 19 17 76 47 97 87 85 65 73 34 19 58 59 79 49 32 78 29 51 19 15 73 63 21 20 76 60 82 50 17 52 93 29 68 14 86 34 63 83 82 37 59 59 29 61 47 56 20 84 40 65 10 80 56 71 56 10 62 90 60 71 17 56 56 88 20 25 7 84 36 21 22 78 65 59 81 43 83 56 57 20 64 25 53 76 11 95 87 16 51 67 14 19 52 84 66 91 44 3 63 75 60 66 66 57 48 44 48 51 39 62 85 
98 16 95 75 44 27 102 87 119 88 44 6 109 27 51 74 84 53 45 76 40 50 77 57 35 51 93 96 93 62 81 54 48 81 56 77 86 57 69 106 82 14 109 91 88 95 109 88 30 96 18 25 40 72 41 71 87 72 58 49 56 73 78 83 54 120 90 35 44 97 115 89 89 30 56 108 60 12 92 83 91 19 70 88 31 33 99 50 49 82 72 58 69 125 31 74 45 101 94 95 83 60 97 47 31 61 88 120 48 55 37 117 82 108 38 95 106 109 49 91 47 49 66 31 85 73 90 91 98 72 82 102 15 20 90 64 62 105 116 57 21 83 20 84 101 42 48 46 80 50 95 92 83 64 53 69 86 19 
92 71 50 68 82 17 20 40 47 89 102 11 71 77 40 17 45 81 88 67 71 50 42 67 58 95 43 15 46 36 61 81 17 42 70 15 53 36 38 17 87 28 43 48 36 42 26 68 65 95 77 71 45 75 36 17 39 44 84 42 29 57 42 44 25 17 72 54 2 17 53 76 81 43 40 58 88 47 45 23 79 36 79 83 83 57 61 49 16 72 43 66 38 72 50 66 31 96 32 49 42 28 63 91 67 86 26 51 44 90 19 17 19 71 13 44 44 63 81 51 86 49 83 71 37 35 81 1 64 54 33 86 79 28 36 49 36 20 55 78 80 89 22 20 58 80 52 44 52 75 25 24 35 46 30 77 80 
80 61 50 12 93 84 108 74 27 14 102 25 35 75 81 49 28 60 45 34 63 54 38 54 77 83 90 51 82 40 31 75 50 61 82 59 59 95 78 9 98 79 90 83 96 78 29 81 3 31 46 74 26 61 78 72 57 32 50 64 82 70 48 112 82 22 41 90 107 92 73 14 49 97 46 10 79 86 81 21 61 71 15 17 85 37 44 76 56 49 53 114 36 61 32 90 77 94 86 58 86 34 14 46 71 111 41 52 20 109 75 100 44 91 94 97 53 75 42 32 54 15 70 73 78 75 93 56 86 91 24 23 79 61 64 94 109 44 17 67 4 81 92 33 31 42 82 51 79 90 80 60 45 62 70 15 
28 98 68 57 83 51 24 56 94 71 77 45 93 77 68 52 30 93 45 27 73 86 92 26 29 83 44 94 43 49 64 62 18 76 92 47 40 73 81 52 28 108 36 38 45 78 6 79 91 97 96 54 45 55 89 81 50 62 53 111 30 63 71 54 60 72 69 74 113 9 65 62 40 37 84 24 104 47 84 46 13 64 63 16 47 70 65 23 56 26 61 90 28 50 43 28 99 107 78 44 50 68 33 20 68 61 74 62 74 59 61 95 82 34 36 96 13 67 50 36 65 10 89 35 12 73 24 111 41 93 86 43 75 93 40 72 43 78 18 75 82 54 62 49 70 101 83 3 90 82 71 58 62 13 79 
70 49 41 57 48 13 45 75 54 52 32 64 51 39 38 38 65 29 2 45 59 64 46 22 58 16 67 21 37 38 33 20 51 64 19 34 47 60 41 17 81 23 35 24 53 25 62 65 70 68 36 17 32 61 52 39 34 26 82 10 34 59 33 39 44 47 58 85 29 46 33 36 15 62 17 76 28 60 18 31 47 46 25 24 42 40 22 27 16 56 64 0 29 31 48 73 79 50 29 27 53 20 37 57 33 45 50 59 34 46 68 58 32 35 68 34 39 41 8 47 23 61 19 33 51 14 82 32 69 62 24 47 64 33 58 17 55 31 57 56 38 36 36 42 73 54 31 65 56 42 30 33 28 56 
49 78 51 101 80 68 50 80 28 66 33 51 31 64 92 6 62 72 29 14 10 108 85 58 54 40 57 66 54 38 84 53 15 54 91 51 41 88 81 44 81 95 70 24 96 54 19 4 30 56 57 63 32 24 69 37 53 33 73 36 93 68 47 25 68 86 44 96 51 37 93 61 40 84 40 71 29 56 96 54 56 94 53 28 54 81 43 74 103 14 70 52 83 109 54 39 27 79 51 60 69 100 94 36 27 64 88 57 84 6 60 93 96 5 100 31 71 62 54 91 33 76 99 68 76 38 86 29 27 72 32 21 89 88 55 34 94 51 48 79 37 66 28 37 17 100 53 46 35 40 45 94 35 
82 75 96 62 20 26 91 21 24 69 72 40 18 50 43 22 51 46 36 51 67 71 81 39 75 28 21 65 40 49 73 55 48 82 69 14 86 66 85 71 84 66 25 69 13 32 46 69 13 49 67 66 51 22 40 54 79 58 38 101 70 10 34 80 96 88 62 2 39 84 34 16 66 80 69 22 49 60 5 7 73 25 37 66 45 39 41 102 35 49 19 78 67 87 81 51 74 22 10 34 61 100 31 45 14 98 65 88 43 82 81 84 51 63 33 23 42 4 58 66 66 64 82 44 82 79 29 25 67 53 60 81 98 32 16 56 8 73 80 24 21 34 76 46 68 82 72 51 35 52 58 15 
36 24 34 84 104 14 75 71 54 32 50 77 78 76 67 40 50 74 69 82 28 32 42 52 56 76 24 46 60 30 65 33 21 29 89 11 29 64 21 25 16 73 51 95 84 80 60 72 32 15 52 54 79 46 29 72 31 48 18 11 71 59 15 17 70 63 80 46 23 52 90 33 61 13 83 32 66 81 81 42 58 55 24 63 44 57 24 79 41 63 14 84 49 65 51 13 60 89 60 74 17 53 51 87 18 20 6 80 30 27 27 73 68 55 81 43 82 59 51 23 68 18 55 70 17 92 84 16 46 62 20 17 51 81 69 90 37 3 60 75 57 60 61 61 42 38 43 48 34 65 83 
60 58 86 91 31 60 76 20 5 35 79 93 51 71 57 30 52 41 103 57 6 46 15 60 79 18 35 77 6 35 38 56 10 77 47 56 28 50 60 39 56 77 87 63 54 25 72 39 28 19 29 83 35 31 36 52 37 45 31 66 43 21 37 33 85 75 36 58 60 77 60 25 37 67 39 88 77 78 71 59 39 17 78 39 71 59 58 57 63 48 105 16 29 27 44 60 85 70 94 47 44 31 86 39 23 39 55 9 61 62 45 91 42 85 53 77 80 17 48 90 19 70 33 50 73 67 41 23 30 54 40 55 67 88 82 2 39 51 79 41 24 37 86 8 4 23 41 25 85 69 
36 94 121 33 93 80 79 56 71 87 79 98 77 46 72 95 92 78 27 56 57 76 68 85 48 66 61 54 88 50 14 54 106 13 30 89 25 14 32 92 45 110 104 102 84 84 48 37 77 77 88 66 48 97 38 68 25 33 85 80 39 31 94 59 94 66 12 63 107 32 86 30 102 49 63 94 94 34 71 75 48 66 62 63 10 100 48 77 18 79 73 90 74 23 74 101 68 71 20 72 74 98 30 44 21 102 54 17 15 97 64 75 89 54 95 57 76 30 63 42 59 94 17 111 103 29 69 86 14 28 63 98 67 104 62 22 78 85 77 84 84 55 66 63 66 67 56 62 100 
58 88 48 64 44 70 53 48 51 44 76 41 11 53 70 73 48 9 58 27 71 34 49 40 42 26 52 72 26 22 48 73 31 5 85 13 23 20 65 19 75 77 80 74 49 24 31 67 60 51 43 30 88 7 44 50 29 52 55 44 51 90 29 60 42 23 28 75 4 81 23 72 24 32 60 59 14 37 52 41 30 37 26 45 75 13 42 21 49 74 84 57 21 40 66 31 40 48 44 54 62 52 35 39 79 57 19 22 77 34 50 53 21 60 24 66 11 33 48 23 88 21 82 74 19 53 71 22 50 30 68 34 70 58 31 48 48 52 77 64 28 66 58 49 40 39 30 69 
41 96 40 13 84 82 53 7 32 62 17 47 60 54 68 49 67 91 43 89 28 8 72 51 38 83 72 52 80 78 33 87 63 101 69 81 68 44 59 25 52 65 84 14 53 72 80 65 6 51 59 96 56 50 103 74 22 49 86 101 104 48 18 50 81 32 35 62 96 71 42 53 46 14 13 65 27 51 74 32 47 32 102 55 45 23 77 49 100 97 65 75 26 13 26 44 102 43 59 7 102 71 91 63 91 77 80 70 49 47 5 41 15 46 81 65 49 89 35 99 78 49 45 69 66 76 79 101 34 36 41 23 84 82 36 9 49 92 62 55 94 83 63 45 61 44 35 
112 31 49 79 89 57 43 73 46 49 77 61 40 56 90 97 97 64 87 54 45 84 59 75 90 62 71 108 86 15 110 92 93 96 110 90 34 95 15 31 46 78 40 73 89 77 63 46 59 75 84 84 57 123 93 35 48 100 118 94 87 28 59 109 60 14 92 89 93 24 72 86 30 31 99 50 52 86 71 60 67 126 37 75 45 102 91 100 89 64 98 47 27 60 85 122 51 59 34 120 85 111 44 99 107 110 55 89 50 46 67 29 84 78 91 89 102 71 88 104 21 25 92 68 68 106 119 58 24 81 18 88 104 44 45 50 85 55 93 96 87 68 56 72 84 22 
81 83 51 29 55 88 92 78 78 53 53 78 70 96 42 25 53 47 67 87 27 52 73 26 65 43 34 28 96 22 43 58 35 38 29 79 65 104 88 82 56 83 43 23 50 56 90 52 37 68 44 54 13 21 80 64 12 6 63 77 89 53 35 64 97 47 56 26 89 42 80 91 91 56 68 60 26 76 52 71 28 83 54 74 28 98 41 59 53 27 71 99 73 88 16 60 55 98 8 26 11 82 23 40 40 74 83 61 92 55 91 73 49 36 82 12 68 64 30 97 90 29 48 61 33 8 62 88 83 98 34 17 68 87 62 55 63 75 34 35 46 56 40 79 90 
39 50 57 26 36 66 22 35 54 30 14 29 82 72 66 37 56 34 38 53 29 60 59 34 43 81 55 17 82 67 65 70 84 61 4 76 28 13 25 49 28 45 59 47 32 41 29 46 58 59 26 92 63 19 17 69 87 67 73 22 28 83 39 17 69 60 64 8 44 73 26 27 77 30 21 54 57 31 51 98 15 52 27 75 83 69 61 33 70 27 32 45 75 92 21 28 36 89 55 81 22 67 81 84 30 76 19 43 43 25 68 48 64 76 71 53 61 76 17 9 63 37 39 79 89 35 7 69 24 57 74 16 38 19 56 25 78 65 56 36 26 41 70 9 
76 72 45 7 26 60 5 34 52 53 64 43 54 80 31 81 16 4 61 42 26 72 67 40 66 68 38 73 50 94 56 67 55 42 46 34 53 64 78 11 41 60 73 59 7 42 48 90 42 41 90 62 19 44 74 88 97 38 21 41 68 19 40 48 89 58 43 41 36 19 18 52 17 44 63 21 37 19 88 54 32 14 64 44 91 91 58 61 17 23 12 36 88 35 52 18 89 59 78 62 81 64 67 67 39 40 9 28 20 34 73 51 39 78 22 92 64 52 46 55 58 70 66 89 22 38 32 31 75 69 30 4 43 85 57 44 84 74 55 36 51 34 37 
22 31 77 98 35 71 66 23 39 24 110 71 26 51 7 62 78 31 34 84 24 18 45 72 25 66 65 69 17 65 76 53 46 88 78 49 37 5 69 47 43 3 18 82 34 39 18 63 35 65 46 62 35 40 57 21 93 69 35 74 63 66 72 12 52 55 46 95 72 73 83 59 32 31 83 40 76 78 43 65 62 64 111 20 14 18 60 59 80 73 101 67 41 24 82 59 36 58 38 28 76 78 27 99 36 84 58 72 88 3 61 98 39 75 17 67 59 54 55 18 12 70 60 57 57 95 73 17 56 47 77 34 8 24 95 20 16 22 40 31 93 59 
31 75 88 50 66 51 27 51 41 97 52 9 41 20 55 75 12 31 72 2 35 33 51 4 74 43 50 33 45 55 33 54 72 83 62 54 28 67 34 22 21 28 78 31 25 40 46 33 42 25 62 40 18 35 38 80 71 32 53 54 74 54 30 32 65 33 82 73 74 65 54 36 11 72 34 65 55 56 51 59 43 99 21 33 25 39 56 81 65 89 44 40 29 82 37 17 36 54 10 55 57 45 85 39 80 47 73 75 19 43 84 17 64 38 46 71 65 35 20 31 49 38 50 65 82 78 6 34 48 74 38 28 36 80 13 6 20 37 20 80 67 
46 68 27 40 41 7 24 24 81 53 40 23 36 31 47 27 6 55 33 24 22 60 29 42 58 50 48 49 63 39 23 65 52 33 32 32 38 25 34 27 13 51 5 22 45 41 5 67 38 31 9 43 61 51 67 40 6 62 33 43 52 43 41 34 24 68 42 43 63 28 4 28 54 12 47 74 29 39 31 53 82 47 45 12 48 28 50 43 72 67 10 6 52 63 29 56 31 42 62 64 28 71 7 53 31 42 61 27 44 71 45 47 47 55 41 34 41 13 26 58 63 27 33 66 46 32 50 17 46 7 39 15 70 41 31 11 10 15 65 35 
31 58 10 40 53 50 63 48 60 83 35 83 20 2 65 44 33 76 67 45 73 71 32 80 56 95 62 74 60 40 53 28 49 61 78 8 45 65 74 59 4 44 52 90 49 43 96 67 17 43 79 93 98 44 16 43 75 24 35 55 90 64 39 45 42 13 12 59 20 45 67 28 40 26 95 51 38 16 70 49 93 91 59 67 19 16 19 42 94 36 53 11 95 64 83 59 84 71 74 65 46 41 6 34 14 41 74 58 46 82 30 93 71 47 42 61 60 70 72 94 26 33 38 24 77 75 30 2 43 85 56 51 87 76 57 38 54 41 33 
86 30 38 74 79 89 17 52 96 47 101 36 29 76 63 18 88 91 55 65 84 64 76 50 115 58 65 62 69 35 58 79 90 100 38 54 71 94 82 27 63 62 113 47 63 95 71 46 68 85 95 119 21 47 63 66 34 66 47 110 66 70 54 17 45 43 44 39 68 77 15 57 22 88 81 38 39 66 17 109 112 80 65 41 46 24 12 92 58 74 39 96 72 83 88 95 61 63 92 18 64 27 40 46 21 94 55 19 89 24 115 65 79 73 62 79 94 65 95 40 64 12 56 92 75 55 29 67 106 81 27 102 92 75 57 68 17 64 
56 67 26 8 11 102 81 58 49 42 51 60 52 33 78 53 17 50 88 50 36 85 77 47 77 91 67 18 91 48 15 4 32 50 52 61 33 22 63 33 50 37 69 32 91 65 41 20 66 84 48 90 45 33 90 56 35 80 43 68 24 52 91 48 50 90 47 24 52 75 39 69 101 9 65 47 80 103 55 43 25 76 46 54 63 94 92 31 24 58 87 55 82 3 60 90 92 8 94 26 65 57 48 85 34 72 94 67 70 42 83 25 22 69 30 22 86 87 50 28 88 45 48 77 31 60 23 39 15 94 54 46 33 35 42 88 30 
30 47 48 59 47 51 74 25 75 10 9 56 36 27 67 62 35 63 62 36 69 46 88 52 64 50 38 46 35 49 59 72 9 35 55 67 53 12 37 42 85 39 35 86 57 16 38 69 83 91 39 20 36 65 14 38 46 83 54 40 36 38 19 18 51 11 38 57 22 31 18 85 50 28 9 60 47 85 85 52 57 11 24 11 39 84 29 46 20 85 54 73 57 75 61 64 61 41 34 14 24 19 35 67 48 41 72 21 87 61 49 43 51 52 65 62 84 16 34 34 30 69 65 25 8 37 79 51 45 78 68 49 30 45 36 34 
46 61 65 46 20 58 17 68 23 38 39 35 20 51 65 20 32 47 62 40 16 82 22 33 23 55 24 64 67 71 69 38 18 32 62 53 41 35 26 83 9 36 58 32 41 46 47 57 86 28 48 35 34 17 64 15 77 27 62 19 30 48 48 23 26 43 40 23 29 17 54 65 2 31 30 47 73 80 51 28 29 55 21 37 56 35 47 51 58 35 45 70 58 30 33 69 33 41 42 10 49 23 62 18 32 51 14 83 30 71 64 23 48 65 32 57 19 57 31 59 56 37 38 38 44 74 56 29 65 56 43 31 34 28 58 
24 20 88 57 36 29 29 38 54 26 11 62 29 19 26 62 25 47 59 53 41 52 65 41 27 70 57 35 30 25 45 29 34 20 7 58 11 24 39 46 11 66 39 38 13 41 59 44 73 46 12 64 40 47 56 36 42 37 28 74 49 50 67 35 9 26 61 18 53 74 30 45 38 54 89 40 38 5 50 35 57 50 79 66 17 1 58 61 29 55 30 37 64 67 25 77 13 60 37 49 67 20 47 77 42 54 40 57 44 37 43 7 19 60 61 34 37 73 52 27 50 23 53 11 32 11 75 36 26 7 17 15 71 39 
16 94 76 59 43 46 44 52 50 29 71 53 22 46 84 50 29 83 72 53 73 87 63 10 85 41 10 11 37 42 48 58 37 23 55 29 46 44 64 27 90 63 33 15 66 84 54 83 37 29 86 49 28 74 48 65 17 47 83 40 42 84 40 19 51 68 34 62 98 5 59 39 77 95 59 48 25 72 38 46 56 87 91 25 22 50 86 53 80 9 61 85 88 15 87 20 57 51 40 78 38 68 87 66 63 48 79 20 15 65 30 27 82 86 43 20 81 37 49 74 24 52 18 44 15 88 57 48 32 30 39 81 22 
104 77 48 48 31 53 65 44 30 79 43 6 47 82 41 45 78 74 37 73 86 61 25 89 57 25 13 21 55 49 54 23 14 68 30 44 28 66 29 83 58 46 21 58 76 38 91 52 30 85 56 45 76 32 62 33 48 91 55 56 87 50 22 44 77 36 70 93 19 64 50 74 105 44 32 17 70 48 61 65 96 84 31 19 65 78 48 74 14 50 85 87 4 95 25 70 56 54 85 24 68 95 58 71 32 77 36 31 64 22 11 80 78 51 36 89 53 38 70 34 64 22 29 9 94 43 36 26 34 36 89 38 
54 104 59 113 51 46 85 76 26 97 105 65 66 93 81 78 53 126 61 64 68 85 32 75 96 106 113 54 64 78 106 95 44 76 72 127 53 76 97 77 63 83 92 99 131 19 64 76 66 47 83 49 122 71 87 64 15 62 60 43 54 82 86 27 70 34 88 97 46 55 69 1 119 125 93 69 56 63 38 8 94 72 88 56 99 81 86 104 104 61 62 107 13 78 44 51 63 23 106 59 14 96 34 127 67 96 90 67 91 107 66 98 53 81 15 73 102 79 70 46 81 118 95 22 111 102 87 71 79 17 81 
56 34 71 43 58 40 47 35 51 75 31 13 48 82 23 4 85 7 13 18 72 22 84 84 86 76 58 28 29 68 63 61 48 33 90 13 49 43 27 61 61 41 45 90 35 69 48 14 37 84 5 81 20 80 29 39 69 68 13 46 57 40 39 42 36 35 81 22 51 14 56 73 85 61 15 49 75 41 46 40 51 58 72 45 35 32 85 55 10 13 82 40 56 62 29 69 32 67 9 40 45 32 89 13 89 82 16 56 74 13 43 39 76 42 79 58 25 55 58 58 78 68 32 65 58 52 46 42 37 77 
49 21 64 83 19 40 79 7 42 40 53 12 83 43 55 32 49 57 38 63 77 92 70 61 31 76 41 27 26 35 87 40 33 42 52 42 39 29 71 49 17 30 38 86 80 41 55 63 83 59 30 36 73 41 88 82 83 70 63 45 18 80 43 73 53 64 58 68 45 106 17 34 33 41 64 90 73 95 41 49 37 91 32 23 34 62 2 58 59 52 91 47 89 55 82 81 24 47 91 14 72 38 48 80 73 39 29 37 51 33 58 73 89 87 9 35 57 83 47 29 43 86 9 11 29 46 29 86 75 
54 14 35 30 17 32 42 48 9 44 37 48 47 29 68 32 46 26 37 41 53 50 53 54 29 10 29 47 36 38 18 17 68 21 18 61 31 29 28 43 58 72 43 37 17 46 13 50 31 63 29 45 10 44 38 39 40 15 25 32 32 11 25 63 48 16 21 38 60 62 65 35 35 18 46 23 50 60 17 30 45 59 28 49 52 50 44 46 51 48 23 40 8 39 38 47 27 47 46 24 68 40 55 47 28 32 49 42 59 9 42 43 47 45 41 21 34 26 59 38 46 55 45 28 14 21 42 43 
66 83 31 39 86 21 25 47 71 23 73 63 69 14 64 75 52 53 90 85 56 44 11 74 49 42 9 24 87 38 41 20 64 39 60 45 67 41 37 52 19 96 75 39 73 66 73 73 10 52 62 48 98 78 79 84 64 38 30 86 44 79 74 50 67 67 63 114 13 13 24 58 64 86 77 104 63 46 30 88 54 36 55 46 23 75 77 35 101 42 89 61 78 91 8 61 100 35 78 18 65 67 61 55 23 19 69 55 61 64 97 80 14 54 53 83 40 8 31 97 13 13 26 45 33 95 66 
20 45 27 26 56 55 24 54 51 40 60 38 79 43 56 40 35 42 41 47 55 64 16 25 44 58 45 23 27 32 77 30 26 75 46 18 32 58 73 83 39 25 26 56 6 42 38 74 43 40 25 39 26 25 45 4 31 46 24 21 17 75 47 20 8 50 52 75 76 44 47 6 33 12 42 74 22 38 30 74 43 63 53 64 53 56 56 42 27 25 14 26 34 58 38 42 61 19 78 51 50 43 41 43 57 53 73 5 35 36 36 59 55 19 19 30 70 44 44 68 58 39 21 35 37 36 
65 44 30 76 68 44 71 71 35 78 54 95 61 72 59 42 51 30 51 63 79 10 45 64 75 60 3 45 52 91 47 43 95 66 19 45 78 92 99 42 18 44 73 23 37 53 90 63 42 45 40 16 14 57 20 46 66 25 40 24 93 53 37 16 68 46 93 92 60 66 19 18 17 40 93 37 54 13 94 63 82 61 84 69 72 67 43 42 5 32 17 39 75 56 43 81 27 94 69 50 45 60 60 72 70 93 26 36 35 27 78 74 31 0 44 86 58 48 87 77 57 38 54 38 35 
25 59 12 40 21 41 8 69 34 38 45 33 44 21 51 59 77 60 56 36 58 22 11 29 29 68 25 13 50 33 27 40 15 54 36 15 33 50 67 63 25 43 43 70 42 41 20 61 21 69 65 66 53 45 32 1 60 26 53 49 56 39 49 32 86 34 44 27 28 46 74 53 76 40 33 27 73 35 5 30 56 19 44 46 49 72 34 70 35 66 62 28 30 72 17 52 48 35 69 62 23 21 37 39 35 39 60 70 72 18 26 41 64 34 38 37 67 26 18 18 29 12 67 62 
50 33 30 16 54 28 44 53 43 52 44 57 33 27 59 52 38 38 37 36 19 30 31 19 48 0 17 50 35 2 63 34 30 13 40 58 56 61 39 0 56 28 45 46 47 36 37 18 62 42 42 56 25 9 26 49 6 41 69 34 33 28 47 77 49 49 17 43 25 50 38 67 63 8 12 50 60 26 52 37 41 56 58 34 65 9 50 25 42 56 31 39 65 42 42 51 49 46 38 36 16 31 53 60 22 35 61 47 33 45 16 44 11 43 21 64 43 32 12 5 12 60 37 
71 80 39 48 67 63 58 32 100 39 47 44 62 21 61 74 82 87 36 38 53 80 69 31 50 46 100 29 50 77 53 42 58 68 77 105 12 47 50 49 22 65 29 96 47 66 38 12 45 44 28 30 56 60 5 44 9 70 74 20 33 48 27 93 98 67 47 33 49 15 17 74 47 62 44 78 55 65 80 78 44 46 82 16 53 32 25 46 8 80 37 15 72 8 101 47 76 69 44 65 81 48 77 28 61 11 57 76 57 46 30 56 92 70 18 85 76 61 45 53 10 61 
38 33 49 4 76 41 49 34 44 53 32 56 71 85 64 56 30 68 34 21 23 30 79 32 25 42 45 34 40 24 63 42 15 32 40 79 72 33 51 55 76 53 31 31 67 33 82 75 75 64 55 38 11 72 35 66 53 59 51 60 41 99 22 35 27 37 57 83 65 88 42 41 31 83 34 16 33 57 8 54 55 48 85 40 81 47 75 74 22 41 84 14 64 40 44 73 67 34 22 34 47 35 50 66 82 80 7 32 49 75 40 30 38 79 14 8 22 38 21 79 68 
45 80 36 51 75 72 31 70 83 58 30 89 63 32 19 15 58 48 51 16 12 71 29 42 23 65 29 78 55 50 23 53 71 32 91 56 30 82 58 50 75 26 59 39 47 92 59 61 86 52 23 40 78 36 71 89 26 64 53 71 107 38 26 14 67 51 66 67 97 80 33 18 69 73 44 70 20 44 82 85 10 96 27 73 56 59 86 18 66 95 53 72 26 74 42 37 61 19 5 78 73 52 42 91 59 32 66 37 68 24 22 10 94 37 31 23 34 33 90 44 
38 28 55 39 27 61 27 41 18 42 43 61 54 55 49 39 2 19 42 33 47 17 7 63 19 18 52 22 37 30 33 48 66 48 46 17 40 22 57 29 57 21 51 1 50 47 48 40 25 26 22 39 12 32 55 51 19 30 31 67 54 60 31 27 27 55 32 56 51 21 27 54 50 18 40 54 40 39 42 51 53 25 50 14 48 43 41 22 53 37 31 63 33 60 52 20 27 45 36 50 18 48 50 56 37 32 27 43 27 53 37 50 46 37 23 16 14 48 50 
48 92 12 16 84 11 4 21 80 33 96 92 92 77 70 36 29 70 68 73 55 38 91 24 56 31 25 72 68 36 35 90 47 80 55 2 49 94 19 81 20 89 36 51 80 80 23 57 64 41 52 50 49 22 89 34 63 8 68 70 85 65 12 60 87 54 59 28 59 64 84 35 36 22 91 51 5 6 87 52 63 75 40 81 44 69 16 51 40 45 89 5 99 91 18 60 78 1 33 50 86 54 91 57 18 65 71 66 79 74 44 62 58 56 54 46 50 87 
71 40 46 37 41 52 29 52 67 81 60 53 30 63 29 18 22 27 74 28 21 43 42 30 42 22 59 38 16 34 42 75 68 29 50 50 72 50 33 28 62 29 78 70 71 61 50 33 7 68 30 61 53 55 47 55 39 95 26 37 24 35 52 78 61 84 43 37 27 78 37 13 34 54 13 52 54 45 81 36 76 43 70 70 21 38 80 16 60 41 42 70 63 31 19 32 46 37 46 62 78 75 9 31 45 70 36 31 35 76 18 10 18 33 16 75 64 
95 77 82 81 94 74 20 82 12 21 37 65 27 57 74 64 49 37 44 60 73 69 42 107 77 21 34 85 102 83 76 16 43 94 46 2 78 77 77 12 57 74 19 21 85 36 37 70 59 44 55 111 26 60 31 87 82 86 77 50 83 33 21 48 75 107 36 45 27 104 70 95 34 84 92 95 44 78 35 38 52 18 72 65 76 78 87 58 77 88 16 14 76 54 56 91 104 43 9 70 10 74 88 28 35 35 73 42 81 82 73 53 40 56 72 7 
26 75 18 16 20 81 45 100 92 89 71 76 37 24 63 64 81 54 36 83 31 56 19 20 76 67 26 22 81 59 85 54 13 55 97 29 73 17 90 38 63 85 85 35 62 63 34 62 51 57 16 88 41 67 10 80 60 76 61 12 65 93 61 70 16 60 61 90 22 30 10 89 41 18 18 83 64 63 82 46 86 55 62 22 63 29 54 81 10 99 92 19 56 72 11 20 54 87 66 95 49 8 66 77 65 71 71 56 53 49 52 55 43 61 89 
83 8 17 17 67 22 80 80 82 73 54 24 28 65 60 57 44 30 87 8 45 45 26 56 57 40 46 88 34 64 44 18 32 79 4 79 19 75 25 37 64 64 15 41 53 38 35 38 32 39 77 18 47 16 54 72 82 57 16 44 71 37 45 42 47 54 67 46 33 33 81 54 14 17 78 39 52 58 25 65 30 65 7 38 44 28 86 15 85 77 15 53 71 16 45 34 71 40 75 56 26 51 54 54 76 64 32 63 56 49 42 39 35 73 
78 88 66 61 104 94 62 48 16 86 63 56 20 35 99 51 55 13 78 52 71 59 79 51 49 62 5 110 86 52 86 80 81 87 4 65 70 62 112 88 90 98 76 49 44 100 57 93 86 56 81 79 76 128 17 4 35 72 77 96 90 118 73 58 41 99 64 50 67 50 34 89 90 39 115 53 101 75 88 105 20 75 114 46 92 8 79 72 68 68 35 25 82 65 74 73 111 89 27 67 64 95 51 9 39 111 23 26 39 57 47 109 75 
13 12 69 29 85 81 82 70 59 25 22 62 58 63 44 28 84 13 46 37 20 60 57 33 38 84 41 69 44 13 38 83 11 75 13 78 25 45 69 69 21 46 53 34 43 39 39 32 78 24 51 8 62 66 78 56 8 49 76 43 53 34 48 54 73 38 28 25 81 48 12 14 77 47 52 65 29 70 38 61 5 46 37 36 82 8 87 80 9 51 69 10 37 38 74 48 79 51 18 53 60 55 72 64 39 58 51 47 43 37 43 76 
24 83 31 98 95 95 81 72 39 33 74 72 74 58 41 95 26 59 34 29 74 71 40 38 94 46 82 58 2 50 96 19 85 24 92 39 49 82 82 21 59 67 45 52 53 49 23 92 35 64 12 66 75 89 69 16 62 89 54 57 31 62 67 85 38 39 26 95 55 3 2 90 50 66 76 42 83 43 73 19 50 44 45 93 9 101 94 22 64 82 5 36 52 88 53 92 61 22 67 71 69 83 77 42 67 62 60 57 50 48 89 
60 39 80 72 71 57 56 17 10 50 47 62 34 17 71 15 36 35 9 55 47 24 33 71 49 64 34 23 35 76 21 62 3 70 17 52 65 65 32 41 43 21 47 30 41 36 68 24 47 13 70 54 66 44 9 44 73 44 59 34 40 42 70 34 16 22 70 37 24 26 66 55 43 64 26 66 44 49 9 54 28 38 70 15 79 71 2 39 57 19 34 34 67 54 74 39 14 46 58 45 60 52 48 46 39 35 34 25 50 68 
77 32 12 21 45 31 44 57 43 28 44 27 44 54 58 25 90 61 23 14 67 85 63 75 26 26 82 41 20 69 56 63 10 43 74 29 31 78 31 18 52 59 30 53 96 12 52 29 74 86 65 57 29 69 29 36 47 77 91 20 25 40 87 53 79 19 64 81 84 26 78 17 46 44 29 70 44 64 78 68 55 57 76 18 11 62 33 35 79 87 36 11 71 28 54 73 16 41 16 52 21 79 62 52 33 25 39 72 13 
81 90 95 92 55 41 50 85 77 52 59 49 107 25 60 65 48 60 70 63 67 109 14 66 59 33 37 84 18 99 41 83 42 18 65 64 10 46 67 60 26 53 27 55 89 25 50 37 34 93 103 75 38 49 70 34 26 61 59 71 65 67 54 54 94 76 28 29 93 19 65 53 34 66 13 84 30 18 67 24 106 35 93 86 37 71 89 34 66 41 78 23 77 77 47 61 51 68 96 80 10 85 77 67 55 57 18 79 
34 50 77 26 63 81 76 60 31 53 67 86 72 51 114 84 24 44 93 110 96 73 15 52 98 47 14 80 89 83 24 63 71 15 17 86 38 48 79 56 52 53 116 39 62 33 91 75 97 90 61 88 35 12 46 70 113 44 56 18 111 78 102 47 94 95 98 57 74 45 31 55 15 69 76 80 74 95 57 90 93 27 27 81 64 68 95 111 46 21 66 5 84 94 36 31 45 85 54 79 93 83 63 48 65 69 19 
15 47 41 56 68 47 34 54 38 55 53 71 36 100 72 33 24 76 94 63 87 34 37 94 53 20 81 58 74 10 55 86 37 39 90 43 28 61 71 41 65 108 5 65 41 85 97 70 58 36 81 41 42 59 89 101 32 33 47 96 63 90 13 72 93 96 24 90 28 55 56 36 82 48 76 90 77 67 57 87 10 7 74 41 37 91 96 48 16 83 31 60 84 29 51 27 54 26 92 67 59 42 37 49 84 17 
34 53 57 65 36 26 66 37 54 38 73 36 95 69 44 25 70 88 49 94 47 37 94 60 36 84 44 73 25 56 95 50 52 94 51 28 56 79 43 73 105 10 69 50 84 107 58 44 29 80 49 56 67 98 96 36 28 61 90 59 86 2 63 94 97 9 98 30 68 61 50 89 37 77 98 70 74 42 87 24 23 73 34 24 90 91 54 30 92 47 51 81 35 63 27 41 19 99 57 50 37 39 46 92 31 
70 51 48 7 19 83 36 43 14 67 37 70 52 62 35 46 62 19 97 69 37 80 65 65 77 11 57 54 50 98 72 73 88 61 33 36 86 43 79 83 41 68 63 69 114 24 12 19 65 61 80 76 104 72 42 26 82 64 41 64 35 34 81 83 24 102 37 85 62 72 92 8 66 101 44 78 14 72 57 52 60 21 9 76 65 60 56 98 73 22 62 48 79 35 7 23 99 25 21 25 42 34 96 58 
40 59 66 51 13 36 46 82 46 35 91 61 8 35 73 88 89 48 11 35 72 21 29 54 81 59 32 40 47 10 9 59 14 36 60 31 32 27 91 43 36 8 66 55 85 83 50 63 11 17 20 48 90 28 44 15 89 57 79 51 77 69 72 56 50 32 15 30 11 44 66 54 50 75 30 84 67 41 35 57 51 62 69 89 21 26 43 21 70 70 21 9 34 77 48 54 79 69 48 30 47 45 26 
19 43 36 48 19 8 65 16 20 51 21 38 32 33 48 68 46 47 19 38 22 59 27 58 20 53 0 48 49 49 38 25 28 23 38 14 31 53 53 17 31 30 65 55 61 33 26 28 56 32 55 50 23 30 55 49 19 39 56 41 37 40 53 52 27 50 13 49 41 43 20 51 37 30 65 31 62 54 19 30 47 34 49 19 50 49 57 38 31 29 44 29 55 40 48 47 38 25 18 16 46 51 
40 39 67 30 13 61 25 32 33 4 57 43 15 29 61 59 66 31 31 41 75 32 52 9 67 19 62 67 67 43 44 39 11 55 29 49 39 64 32 50 21 79 43 56 37 16 47 75 50 69 33 38 36 74 30 6 21 65 26 33 35 59 65 40 69 32 68 54 39 20 64 18 46 60 24 76 68 12 31 48 27 30 38 65 63 75 28 15 45 63 41 49 46 59 35 29 28 33 19 60 67 
15 78 30 36 21 59 31 63 44 58 32 39 55 24 90 66 31 72 59 64 69 15 50 53 43 92 69 70 80 56 29 29 80 37 72 76 41 61 58 61 108 22 18 15 57 56 77 70 98 65 37 21 79 58 34 56 37 28 74 76 27 95 33 80 55 69 85 1 58 95 38 72 21 64 57 52 52 15 11 68 58 54 55 91 71 16 54 44 74 31 11 21 92 20 15 19 37 27 89 57 
64 18 30 31 53 18 69 44 43 16 43 62 38 80 51 19 70 47 49 63 30 48 38 35 81 53 55 74 42 14 30 68 25 61 79 28 52 44 60 96 37 31 2 55 42 61 57 86 70 23 7 63 64 33 59 26 37 71 73 19 85 18 66 44 53 75 15 54 84 44 61 33 62 44 38 49 8 12 66 64 41 40 80 55 26 55 29 60 16 26 7 83 33 24 11 24 21 79 42 
48 55 95 50 47 98 69 22 48 81 95 102 42 20 47 75 26 39 55 94 66 44 48 40 17 15 58 23 49 70 26 43 25 95 56 39 19 71 45 97 96 63 69 22 18 19 39 96 40 57 12 97 66 85 64 87 71 74 70 43 45 2 35 18 39 78 59 43 85 29 97 71 52 47 63 64 75 73 96 29 38 35 28 81 77 35 4 47 90 61 48 91 80 61 42 57 38 37 
17 50 36 2 63 34 31 13 40 58 55 61 40 0 57 29 45 46 46 36 37 18 63 42 43 57 25 9 26 49 6 42 70 34 34 28 47 78 48 48 16 43 26 50 39 68 63 9 11 51 60 26 52 36 41 56 59 34 66 9 50 26 42 56 30 39 66 42 42 51 50 45 38 36 15 30 53 60 23 35 61 47 33 46 16 44 10 42 20 64 42 32 12 6 12 60 37 
58 23 19 47 17 43 31 26 42 60 55 52 17 40 30 61 33 50 18 54 8 57 54 54 44 32 26 14 47 15 40 52 52 26 37 30 74 46 54 28 26 34 62 40 63 47 24 25 61 44 11 35 53 33 40 42 49 60 26 57 22 54 50 35 23 59 29 39 57 32 63 55 19 23 41 36 44 26 52 57 61 30 28 31 51 28 47 36 56 39 29 19 19 9 55 53 
81 50 81 65 73 46 58 73 11 111 80 51 93 79 73 91 12 71 61 64 112 83 84 102 74 46 50 100 56 92 95 47 82 76 83 128 29 9 33 78 73 90 89 118 84 55 39 93 75 55 76 40 44 95 97 29 116 50 97 75 82 106 22 80 115 56 92 5 85 62 59 74 35 19 89 76 73 65 111 82 34 75 60 91 47 12 33 113 33 33 39 56 49 110 67 
37 49 24 48 48 39 48 83 34 56 35 26 24 70 10 74 18 66 17 37 56 56 21 33 45 34 31 30 26 45 69 10 38 21 54 68 77 50 19 36 63 30 44 46 38 47 60 49 29 36 72 51 23 26 70 39 43 51 16 57 29 59 8 39 43 23 80 21 76 68 15 46 64 23 48 26 62 38 66 51 28 42 47 46 70 57 34 60 51 42 34 32 35 64 
66 36 29 11 42 60 56 62 38 1 59 28 43 48 47 38 35 20 63 40 41 58 24 7 28 49 7 42 72 32 34 27 49 77 50 49 17 45 24 48 38 67 66 7 11 49 62 28 54 35 43 58 60 33 66 7 49 26 40 56 31 41 66 44 42 51 51 43 36 38 16 31 55 62 22 33 61 45 35 48 14 43 9 43 20 65 44 33 13 5 14 60 35 
30 90 76 25 8 76 78 99 64 32 71 108 48 69 32 101 51 82 100 100 55 77 72 39 80 62 76 17 96 59 82 29 99 54 73 66 29 79 108 79 90 4 71 67 106 6 37 12 95 36 37 36 88 84 73 99 62 101 75 62 40 83 25 73 77 30 109 102 34 61 74 31 5 70 99 85 108 47 20 78 94 74 68 76 75 48 48 58 66 51 81 101 
60 48 14 26 64 58 69 35 28 42 79 30 55 6 71 21 61 70 70 40 47 43 15 55 32 49 35 68 33 53 17 79 46 59 41 13 49 78 51 69 29 41 40 76 28 10 18 69 28 30 31 63 64 44 71 33 70 54 43 18 63 18 47 63 20 80 72 10 35 52 24 27 40 69 63 78 31 11 48 65 45 53 50 57 38 32 32 36 23 59 71 
27 69 86 82 55 9 30 74 24 23 56 74 58 24 38 54 11 11 63 14 29 56 38 28 33 92 34 39 9 67 63 79 75 43 64 11 19 26 56 89 22 37 20 87 54 77 42 72 71 74 48 57 25 23 31 11 51 59 55 57 72 36 76 68 33 27 57 45 54 71 87 22 18 50 18 64 70 14 18 27 69 40 60 73 63 42 25 42 52 18 
52 70 54 70 34 13 70 35 34 59 46 50 24 32 70 37 38 69 28 4 38 56 18 49 83 20 44 29 61 84 53 48 17 57 27 45 44 74 76 10 11 47 72 38 65 24 50 70 72 24 74 5 50 36 37 65 32 52 74 54 50 49 63 32 25 50 20 26 67 72 30 24 68 39 40 59 13 44 2 42 13 74 49 39 19 14 24 68 26 
18 54 73 79 41 38 55 86 44 46 21 77 33 76 80 81 54 58 48 14 70 41 64 37 71 47 64 28 94 34 50 41 25 61 88 65 84 26 49 43 88 20 15 18 70 15 41 42 62 79 49 83 47 81 69 37 33 78 4 61 55 31 85 78 25 35 49 34 20 52 76 78 87 23 18 57 77 50 45 51 72 26 24 34 44 28 74 78 
67 80 95 59 36 69 103 50 61 30 95 48 83 96 97 57 74 66 32 80 58 75 25 89 58 79 30 101 45 64 59 29 76 104 77 91 11 66 61 103 2 32 12 88 28 41 41 80 85 67 97 60 97 76 54 40 84 18 72 69 32 103 96 33 54 67 34 3 67 94 86 104 39 20 74 92 68 60 69 77 39 40 52 61 46 82 96 
115 88 56 92 84 83 92 9 71 71 67 116 91 93 103 80 53 49 104 61 97 91 57 86 83 81 132 22 6 39 77 80 99 94 122 79 62 45 101 69 55 72 51 40 94 96 39 120 57 104 80 91 109 25 81 119 52 97 6 84 73 70 74 39 28 88 71 78 75 116 91 32 72 67 98 54 12 42 116 28 32 44 61 51 114 77 
59 61 47 34 78 30 105 52 79 47 3 57 56 24 43 68 68 16 55 21 69 87 29 46 49 20 101 108 78 50 45 61 28 11 75 59 73 55 80 62 67 93 85 42 44 94 5 65 42 35 58 5 90 40 4 77 19 111 48 88 82 48 75 92 47 79 40 73 8 69 85 60 59 42 68 102 82 6 93 84 71 56 63 4 74 
39 82 31 19 64 81 67 24 47 57 3 5 70 23 36 65 42 37 38 100 37 46 17 76 65 87 82 51 72 20 10 31 58 98 30 45 13 97 63 86 45 81 79 82 52 61 33 21 39 2 55 66 64 61 81 42 83 77 31 27 66 53 60 79 96 30 18 53 10 72 79 23 18 34 77 46 65 82 71 51 34 51 56 17 
57 28 44 46 47 36 36 18 62 41 42 57 24 9 27 48 6 41 70 34 33 27 48 77 49 49 17 43 25 49 38 67 64 8 12 50 60 26 53 36 42 56 59 34 65 9 49 25 41 56 31 39 65 43 41 52 50 45 37 36 16 31 53 60 22 35 60 46 34 46 15 43 10 43 21 64 43 33 13 5 13 59 37 
51 96 20 83 22 91 39 51 82 82 23 59 66 43 53 53 50 21 91 36 65 10 68 72 87 67 15 62 89 55 59 28 62 66 86 35 38 24 94 53 5 4 89 52 66 77 42 83 45 71 18 52 41 47 91 7 101 93 20 62 80 4 34 52 88 55 93 59 19 67 72 68 81 76 44 64 60 58 57 48 50 89 
48 32 75 39 46 22 34 31 31 39 9 34 45 20 22 13 70 52 14 14 45 49 75 77 46 42 12 38 10 39 69 25 40 35 70 41 58 58 63 47 50 60 38 31 28 9 32 29 59 33 38 59 14 80 46 56 49 36 44 59 48 69 5 41 32 42 58 50 24 22 34 71 48 38 68 58 40 23 34 32 42 
80 77 79 11 58 77 21 23 87 38 38 71 61 46 57 113 26 62 33 88 84 86 77 50 85 35 23 50 77 108 37 45 29 105 71 97 33 85 94 97 44 80 36 40 54 20 74 65 77 80 88 60 77 90 14 13 78 54 55 93 105 45 9 72 12 74 90 30 37 36 73 42 84 83 73 54 42 57 75 7 
83 23 76 28 33 64 63 11 41 55 42 33 41 30 41 79 17 47 19 51 76 86 61 20 45 70 35 41 45 49 57 66 50 37 37 83 58 15 18 81 35 54 57 25 65 26 68 11 34 48 26 90 18 86 79 19 56 74 18 49 35 72 36 75 60 29 52 53 56 80 67 28 67 60 52 44 42 32 73 
62 65 58 107 84 85 94 72 44 40 95 52 88 84 52 76 74 73 123 16 3 30 69 72 91 85 113 72 53 36 94 63 46 65 46 32 85 87 35 110 48 96 70 84 100 15 72 110 44 88 8 76 68 64 65 30 21 79 64 69 68 107 84 24 64 59 90 46 4 35 107 21 23 34 52 42 105 70 
72 20 55 68 68 33 45 45 21 50 33 45 33 70 28 51 12 73 53 65 45 7 48 76 47 63 30 42 44 74 31 15 19 72 35 23 25 67 57 45 67 30 69 48 49 11 57 25 42 69 14 81 74 4 40 57 18 30 38 70 57 77 38 11 49 62 47 59 54 51 45 38 36 37 26 53 71 
52 78 27 29 85 36 29 62 62 39 57 106 14 59 33 83 88 75 66 40 79 33 31 51 80 101 30 35 36 97 63 89 22 75 90 92 32 82 27 45 51 26 75 54 72 82 79 60 65 85 9 3 72 44 44 88 97 42 5 75 21 64 83 24 41 27 61 31 84 72 63 44 35 49 76 6 
49 48 49 39 25 28 22 39 13 32 54 52 18 31 30 66 54 61 33 26 28 56 32 55 50 23 29 55 49 18 39 55 41 38 40 52 52 27 50 14 49 42 42 20 52 36 31 64 32 62 54 19 29 47 35 49 19 49 49 57 38 31 28 44 29 54 39 49 47 37 24 18 15 47 51 
56 54 28 43 69 70 15 56 21 73 87 31 45 53 17 104 110 79 53 45 58 27 7 79 60 74 53 84 65 71 93 88 46 48 95 3 65 40 36 56 7 91 44 3 80 20 113 52 87 81 51 77 94 51 83 40 73 5 67 87 63 59 40 68 103 82 10 96 87 73 57 64 2 73 
1 70 23 39 67 41 39 37 101 40 46 17 76 62 89 85 54 73 20 8 30 56 99 33 48 10 98 65 88 48 83 79 82 56 59 35 18 40 0 54 69 64 59 83 41 86 77 34 30 66 56 63 79 98 31 21 51 11 75 80 25 16 37 79 49 63 84 74 53 36 53 54 20 
69 23 40 67 39 40 36 101 42 46 17 76 61 91 86 55 73 20 7 29 54 99 34 49 8 98 65 88 50 84 79 81 57 57 37 16 39 2 53 70 64 58 84 40 87 77 36 32 66 57 65 79 98 30 23 50 12 76 80 26 14 38 81 50 62 85 75 54 37 54 52 22 
49 66 53 33 51 33 44 89 25 54 27 44 87 97 72 29 52 75 39 36 51 58 68 71 58 48 45 93 69 17 19 91 29 64 60 34 70 23 80 22 28 58 29 101 25 95 87 30 68 86 24 56 42 80 33 81 71 38 61 56 66 91 78 20 78 71 63 54 53 28 81 
28 46 27 20 21 77 43 24 5 53 55 73 74 41 49 3 31 16 46 75 19 35 29 75 43 64 49 64 56 59 52 46 24 25 16 24 38 56 41 46 62 23 76 54 46 39 43 41 54 56 75 7 31 40 33 57 56 16 19 27 68 41 48 67 57 37 19 34 40 32 
33 55 14 48 79 25 42 29 57 83 50 46 14 52 27 47 43 73 72 9 8 49 68 34 61 27 46 66 68 26 72 4 51 33 39 63 30 48 72 49 48 48 59 37 29 46 16 26 63 68 28 28 67 42 36 55 14 45 2 40 13 72 45 35 15 11 20 67 30 
61 27 55 48 57 40 51 32 88 33 44 27 28 48 75 55 77 39 35 28 75 34 5 29 56 18 45 46 49 73 35 72 37 67 63 28 31 73 16 53 48 35 70 63 24 22 38 39 34 40 61 71 73 17 25 42 65 35 38 37 68 25 17 19 30 13 68 63 
43 7 75 71 22 29 52 28 94 98 66 51 30 44 12 18 78 45 61 39 81 57 68 77 80 48 51 80 19 51 27 25 41 13 79 40 19 74 8 100 51 72 65 46 64 80 52 80 26 57 12 52 77 60 44 25 54 91 68 22 86 76 60 44 53 13 57 
35 67 39 27 24 44 71 53 55 23 39 21 47 33 61 62 9 18 47 59 25 50 42 44 51 54 40 59 13 46 19 40 49 36 34 59 43 36 57 46 48 40 32 21 37 49 59 17 36 55 46 37 43 16 39 15 48 27 58 47 36 17 4 14 53 38 
71 65 16 24 47 35 87 91 59 46 24 42 7 25 73 38 54 37 76 50 63 71 73 46 48 73 25 44 27 18 38 17 72 35 25 67 3 93 47 67 60 41 57 73 48 75 19 52 19 49 70 55 37 23 47 84 61 26 79 69 53 36 46 19 52 
104 56 83 24 89 70 88 76 28 80 108 76 81 13 76 76 105 23 45 19 104 51 27 25 98 74 79 97 61 102 67 75 37 73 39 68 92 24 115 108 34 70 86 22 22 70 103 77 111 61 23 83 92 81 83 86 65 63 62 67 71 59 72 105 
63 41 82 98 64 52 31 78 41 46 59 89 96 30 28 50 92 59 85 8 66 90 93 18 90 25 58 55 40 82 42 73 90 72 67 51 84 16 12 71 36 31 87 92 47 19 84 36 55 80 28 53 23 48 20 91 62 53 37 35 45 84 21 
29 31 47 73 79 50 29 27 53 19 37 57 33 45 49 59 35 47 68 58 32 35 68 34 39 41 8 47 23 61 19 33 51 14 82 32 69 62 24 47 64 33 58 17 55 31 57 56 38 36 36 42 73 54 30 65 56 42 30 34 28 56 
58 56 77 76 43 55 3 25 17 47 81 21 37 23 81 48 70 48 68 62 65 52 49 25 21 22 18 41 58 46 49 67 26 78 60 42 36 49 44 56 62 80 13 27 42 27 61 62 16 15 28 70 42 51 71 60 41 22 38 43 28 
70 62 76 57 4 56 83 51 61 26 53 56 81 30 27 17 84 43 13 14 79 55 56 73 36 77 46 60 12 54 32 44 81 2 92 84 11 52 70 6 29 45 80 56 86 49 11 59 68 58 71 66 47 54 49 48 48 38 52 81 
121 126 95 71 57 63 39 10 96 73 89 56 101 82 88 105 105 62 64 108 15 79 44 52 63 25 107 61 16 98 35 129 69 96 91 69 93 108 68 100 54 82 16 73 104 80 71 46 82 119 96 24 113 104 88 72 81 19 81 
20 36 59 74 97 85 110 57 57 42 99 47 39 51 59 19 75 77 48 107 54 99 68 90 96 21 64 106 31 85 24 65 80 75 56 33 33 69 49 70 77 104 92 16 53 64 93 52 18 44 102 8 17 36 55 40 101 79 
32 72 74 92 88 116 75 55 38 95 66 50 68 46 36 89 91 34 113 50 98 73 85 103 18 75 113 48 90 4 79 68 64 68 33 21 83 68 72 68 109 85 27 68 61 91 48 6 35 110 25 27 37 55 45 108 71 
52 41 62 56 85 67 22 6 64 61 30 57 29 35 68 70 22 83 18 65 43 54 73 15 51 82 41 59 34 60 46 39 47 5 14 63 62 40 41 78 56 24 52 29 59 16 26 10 81 32 23 8 22 19 77 43 
52 80 49 61 27 49 51 78 30 23 17 79 40 16 18 74 55 52 70 33 74 46 56 10 55 29 43 76 7 88 80 6 47 65 10 29 42 76 56 82 45 9 55 65 54 66 61 48 51 45 44 44 34 52 77 
28 17 48 78 18 35 27 78 45 67 47 65 59 62 51 49 23 24 19 21 41 56 44 48 64 26 75 57 43 36 46 41 54 59 77 10 28 42 30 58 59 14 18 26 68 40 50 68 58 38 19 35 43 29 
35 58 107 41 55 6 106 73 95 54 91 86 88 62 61 43 18 47 7 58 77 71 62 91 46 93 84 37 34 74 64 71 86 105 38 26 54 11 83 87 33 19 45 87 56 67 92 82 62 44 61 57 24 
30 77 34 50 31 79 51 66 65 73 51 54 68 31 40 21 18 31 24 69 39 31 68 10 90 52 60 53 44 54 69 53 78 16 45 24 42 69 58 32 17 43 82 57 33 78 68 51 33 45 25 45 
87 64 79 51 92 72 78 96 95 54 55 99 7 70 39 42 57 15 97 51 7 88 25 119 60 89 83 59 83 99 59 90 45 74 6 67 94 71 62 40 73 109 87 16 102 93 78 62 70 9 74 
71 68 105 10 38 11 96 39 34 33 89 80 73 98 60 99 72 64 37 80 27 70 80 26 109 102 33 62 76 27 8 68 99 82 108 49 19 78 92 74 71 77 72 50 50 59 66 52 77 100 
16 42 68 34 59 34 50 60 63 35 63 5 42 25 33 54 37 43 63 51 39 57 55 39 31 42 23 35 58 68 19 27 58 38 42 53 7 36 8 49 22 63 51 41 20 5 21 57 29 
57 63 30 57 28 39 66 68 23 78 12 59 38 48 68 21 49 77 44 54 40 58 42 35 45 8 19 62 63 34 36 73 50 29 52 22 53 10 32 10 76 37 27 9 17 17 72 38 
105 72 93 58 92 82 85 66 56 45 12 44 10 52 79 68 56 91 41 96 81 43 39 72 65 73 83 104 36 31 48 17 84 85 35 14 47 90 59 61 93 83 63 45 61 51 29 
34 13 91 30 41 40 82 86 69 99 61 99 77 56 41 85 20 73 71 32 105 98 34 56 69 34 1 68 96 87 106 41 21 76 93 70 62 72 78 41 43 54 63 48 82 97 
26 59 23 39 41 53 68 35 68 32 65 58 33 25 67 18 48 54 30 71 64 18 25 42 34 34 37 61 66 72 23 21 41 62 36 43 40 63 31 23 22 29 14 63 63 
86 32 28 28 79 73 62 87 49 88 63 55 28 72 20 60 73 19 98 90 22 51 67 21 11 57 87 73 96 41 8 67 81 63 63 67 65 44 42 48 55 40 69 89 
64 93 96 11 96 29 65 59 48 88 38 76 96 71 73 44 86 22 20 73 34 26 90 91 52 27 90 44 52 81 33 61 26 43 19 97 58 50 37 38 45 90 29 
56 58 54 91 49 89 55 83 80 27 46 90 12 71 41 46 81 75 38 30 40 50 31 59 75 89 88 12 33 58 83 48 31 45 85 11 13 31 47 30 86 77 
2 89 47 65 72 39 80 40 73 17 46 45 42 93 10 99 91 21 63 81 7 39 49 86 50 90 61 23 65 68 67 83 76 38 67 62 59 55 49 45 87 
92 49 67 75 42 83 42 75 20 48 46 45 95 11 102 94 23 65 83 8 39 52 89 52 92 63 24 68 71 70 85 78 40 69 64 61 58 51 47 90 
98 29 72 59 55 89 28 72 98 62 74 33 82 33 30 68 27 15 85 83 54 36 92 53 42 74 36 66 26 31 13 98 47 41 30 37 40 92 38 
69 43 40 60 10 95 46 0 83 24 116 54 91 85 53 80 97 53 84 44 76 7 70 90 65 62 43 72 107 86 9 99 90 76 61 68 5 76 
47 30 36 60 33 47 69 51 45 52 59 36 28 45 20 30 62 69 25 26 63 39 39 55 10 41 3 44 17 69 48 38 18 9 21 63 28 
37 19 40 80 60 43 87 30 99 73 53 48 65 66 77 74 98 31 39 35 28 83 79 37 6 49 92 63 49 93 82 63 44 59 39 39 
40 30 54 24 39 50 17 76 37 61 53 27 40 57 39 60 9 47 36 50 52 41 27 32 33 67 46 38 61 51 36 21 28 34 48 
55 69 65 60 83 41 86 78 33 29 67 56 63 80 98 31 20 52 10 75 80 25 17 37 79 49 64 84 74 54 36 54 55 19 
84 36 9 73 15 106 45 84 77 44 70 87 44 75 35 69 10 65 80 56 54 38 63 97 76 9 88 79 66 51 57 5 69 
58 94 36 72 21 63 58 53 51 15 13 67 57 53 55 91 71 15 53 44 74 32 12 22 91 19 13 18 37 27 89 57 
45 37 32 79 13 82 74 7 47 65 15 39 33 69 46 74 48 19 48 55 50 69 59 39 56 49 42 38 32 42 70 
82 23 116 53 91 84 53 80 97 52 84 44 76 8 70 89 64 62 43 72 106 86 8 98 89 76 60 67 5 76 
65 52 35 86 79 29 36 49 38 20 55 78 82 90 21 22 59 81 52 43 52 76 23 22 35 47 30 78 80 
93 44 69 62 38 57 73 45 72 20 54 19 52 69 52 39 27 48 84 62 24 78 68 53 37 45 18 55 
83 67 64 72 36 22 87 72 74 69 112 85 32 72 62 93 49 10 36 113 29 31 40 57 48 111 71 
94 86 13 55 72 3 30 46 81 55 87 52 13 60 68 61 73 68 45 57 52 51 50 41 51 83 
7 81 50 47 97 105 52 14 84 26 70 91 33 50 35 65 36 94 77 69 51 44 57 85 14 
73 44 43 89 98 44 8 77 24 64 84 26 44 27 60 30 87 72 62 44 36 50 79 9 
42 59 16 33 35 69 53 76 41 13 48 59 47 62 55 47 48 41 38 37 28 49 70 
18 58 56 38 44 76 59 20 47 30 59 18 27 15 78 29 19 4 22 14 75 46 
76 69 54 47 92 63 28 63 40 71 27 17 14 95 32 26 22 36 32 91 49 
32 49 84 55 90 55 16 63 70 64 77 72 44 61 56 54 53 44 50 86 
68 95 85 105 42 19 75 92 70 63 72 76 42 43 54 63 48 81 97 
37 38 40 53 49 19 25 28 66 42 44 63 53 35 17 29 38 38 
69 17 65 80 21 35 26 64 33 79 73 63 44 32 48 70 2 
63 87 66 56 35 66 103 80 15 96 87 72 56 64 5 69 
79 88 30 27 40 80 49 75 88 78 58 42 59 65 15 
40 49 77 39 22 34 85 9 1 21 39 24 85 67 
59 73 57 62 62 58 45 41 44 48 35 61 82 
31 12 55 26 63 58 48 28 12 28 56 22 
43 86 57 48 86 76 56 38 53 38 35 
42 14 72 47 37 17 12 22 66 28 
31 103 21 21 31 48 39 101 66 
85 41 32 18 25 27 80 35 
94 85 73 60 64 10 79 
10 30 48 33 94 75 
20 38 23 84 65 
18 10 70 46 
17 55 34 
62 50 
71 
