Best path found so far: 1877.000000   -     106.553010
98 89 168 87 13 27 11 12 45 137 64 164 92 184 83 119 43 0 41 35 93 34 55 90 30 175 123 174 53 146 109 36 96 74 188 60 63 21 171 77 4 196 150 28 1 181 73 118 22 29 71 32 124 97 80 103 75 82 26 167 57 99 95 104 172 86 142 113 24 121 72 16 6 15 141 193 70 185 177 65 151 189 162 17 110 191 79 178 18 190 23 170 42 135 5 112 180 153 107 149 84 38 40 50 20 179 139 144 173 159 88 117 158 81 176 9 122 108 154 131 2 58 49 157 78 19 194 111 3 54 48 186 155 120 69 85 25 91 166 132 147 134 10 51 105 14 128 192 114 44 198 183 125 7 169 161 68 140 61 148 143 100 33 67 160 156 62 136 46 94 66 39 130 59 102 76 116 106 8 133 197 195 37 182 199 31 47 152 101 56 52 163 127 126 165 115 187 145 138 129 


Best path found so far: 1910.000000   -     104.712042
181 73 63 56 74 188 60 145 138 96 36 115 146 163 52 137 45 64 10 25 120 85 51 105 11 168 69 159 88 179 81 117 20 77 132 183 125 198 192 161 169 114 187 28 4 130 17 150 106 59 8 116 76 102 196 110 189 162 80 124 97 32 109 37 123 93 136 174 119 199 182 184 92 43 0 31 47 127 165 126 152 101 21 134 171 118 164 12 22 103 108 9 122 89 176 144 13 27 87 139 173 38 40 186 48 149 180 107 135 5 50 84 155 112 153 54 3 111 170 42 23 19 82 78 2 58 185 49 194 16 167 178 18 104 172 121 190 72 141 6 86 113 142 24 15 193 99 57 95 33 143 100 191 46 156 62 67 79 160 94 39 66 34 30 90 55 175 41 83 35 53 151 195 177 65 157 70 26 197 154 131 75 98 91 14 128 158 7 166 44 68 140 148 61 147 129 1 29 71 133 


Best path found so far: 1993.000000   -     100.351229
54 23 153 180 149 155 84 38 20 117 158 159 88 179 81 173 139 144 27 87 69 120 85 11 25 14 183 125 114 169 161 192 198 171 77 164 196 8 110 150 162 59 189 17 130 106 102 76 116 133 195 100 177 65 151 191 143 33 16 57 18 95 178 79 46 181 22 29 71 32 80 97 124 103 197 187 73 145 36 109 115 184 47 146 165 126 127 96 60 74 188 56 52 101 163 152 92 43 41 53 0 83 160 67 62 94 136 66 39 156 34 30 31 199 123 90 55 37 182 174 35 175 104 142 172 86 113 141 193 194 58 185 49 2 78 82 26 131 154 98 108 9 122 176 13 89 168 105 137 45 64 12 63 138 129 118 147 21 61 148 7 166 44 128 91 140 68 132 134 10 51 70 157 3 111 42 170 19 99 167 72 190 121 24 6 15 48 186 40 50 135 5 107 112 4 28 1 119 93 75 


Best path found so far: 2104.000000   -     95.057034
51 14 128 87 139 26 58 185 194 16 2 78 82 131 75 170 42 54 98 154 103 163 52 96 60 188 74 101 56 63 147 134 132 77 61 140 68 148 183 166 114 44 192 7 161 169 198 125 10 25 12 164 22 73 118 187 151 99 18 57 79 67 46 156 62 136 93 34 30 123 174 35 41 53 119 83 199 31 92 127 152 146 21 171 45 137 64 105 11 168 27 176 122 9 89 144 117 88 158 159 179 81 20 38 84 135 5 107 155 186 40 48 8 17 162 189 110 130 59 106 116 76 102 133 29 71 32 80 124 97 13 173 69 120 85 129 145 109 36 138 175 182 90 55 37 66 191 160 94 178 95 24 86 190 121 142 172 113 15 6 72 167 141 193 157 19 70 49 23 3 111 177 100 33 143 195 197 39 104 126 165 115 47 184 43 0 65 4 150 196 28 1 181 50 149 180 112 153 108 91 


Best path found so far: 1878.000000   -     106.496273
64 45 137 12 105 120 69 87 27 168 139 144 122 9 176 89 108 98 103 154 111 54 3 42 170 180 153 112 107 40 48 81 117 158 159 88 20 179 125 7 148 68 140 61 183 132 21 73 118 22 164 71 29 32 97 124 80 11 51 14 91 44 114 198 161 169 192 166 77 147 134 171 10 25 128 85 13 65 151 191 143 33 79 18 95 99 167 16 193 2 82 19 78 49 185 194 58 26 141 142 86 113 15 190 72 6 57 121 172 104 24 46 62 156 94 160 67 39 66 30 199 55 93 35 41 0 53 184 43 83 119 92 152 52 96 63 56 36 138 129 145 187 109 146 165 126 127 115 31 47 60 74 188 101 163 1 28 4 196 133 150 162 189 17 130 110 34 90 182 175 123 174 136 37 76 102 116 106 8 59 100 178 157 70 23 50 186 155 5 135 149 84 173 38 197 195 177 75 131 181 


Best path found so far: 2095.000000   -     95.465394
189 130 110 59 102 76 116 106 4 150 28 196 8 162 151 65 17 191 93 136 156 94 79 178 62 34 30 39 66 67 100 33 195 143 177 197 103 80 32 97 124 29 71 194 185 26 58 193 190 57 167 99 16 49 19 3 23 111 42 170 78 131 82 153 112 180 107 149 38 84 173 27 13 89 176 168 85 105 25 69 87 158 120 128 117 159 179 88 81 20 50 135 5 155 48 139 9 122 108 144 40 186 54 98 154 70 157 2 141 24 86 121 95 18 172 142 160 46 199 41 35 184 43 83 119 31 165 126 115 47 127 146 36 109 73 181 129 145 138 63 60 52 152 101 163 188 74 56 96 118 147 171 14 51 12 164 64 21 77 198 114 166 183 68 140 125 192 44 91 10 134 61 132 148 161 169 7 92 53 0 187 37 182 174 175 123 55 90 72 6 15 113 104 133 1 22 11 45 137 75 


Best path found so far: 1995.000000   -     100.250627
139 173 179 20 81 117 158 105 168 27 87 50 40 84 38 186 155 135 88 159 5 149 48 108 132 77 166 183 7 68 140 21 61 171 10 64 137 45 164 22 29 71 73 147 56 60 188 74 101 163 52 63 129 118 134 145 181 138 96 127 165 126 146 92 43 184 83 0 41 35 174 123 199 182 119 53 109 37 175 55 34 66 39 33 100 67 160 62 156 94 136 30 93 46 79 178 18 172 86 72 15 6 193 157 49 185 194 78 58 2 26 82 197 195 143 177 65 151 189 110 17 130 59 23 42 170 111 3 54 98 131 57 167 99 95 190 121 142 113 104 24 16 141 70 19 107 112 180 153 103 97 124 80 196 102 76 116 106 8 150 133 4 28 1 32 12 11 176 9 122 89 13 144 120 25 85 51 14 128 91 69 169 161 148 125 198 192 114 44 152 115 47 36 31 187 90 162 191 75 154 


Best path found so far: 2785.000000   -     71.813285
101 163 36 56 188 74 60 147 118 181 12 25 10 77 132 198 125 114 192 183 7 169 161 171 64 137 45 105 120 85 159 158 179 81 117 20 144 13 89 150 58 2 78 3 42 170 111 15 121 6 82 57 95 18 190 104 172 113 99 167 72 16 197 122 9 48 186 139 40 38 84 131 75 154 103 97 124 80 32 4 102 76 116 106 189 17 130 110 162 177 33 143 65 191 39 34 136 156 94 46 67 160 93 41 83 0 119 79 178 70 19 193 194 185 49 66 55 62 140 68 148 166 14 51 87 27 69 168 129 145 138 127 126 165 96 31 115 184 47 92 43 53 174 35 90 37 182 123 199 187 196 28 1 8 71 29 22 164 151 59 73 134 63 52 21 141 86 142 24 176 133 98 108 26 100 195 30 175 173 88 155 107 149 135 128 91 50 5 180 153 112 54 23 157 152 146 109 11 44 61 


Best path found so far: 1849.000000   -     108.166577
181 118 73 145 129 138 109 36 127 126 165 115 47 146 43 92 184 31 37 55 35 41 53 0 119 83 199 182 123 30 93 34 136 66 39 46 160 67 191 151 177 178 79 78 2 58 82 26 49 185 194 193 15 86 142 121 172 24 113 104 190 6 141 16 167 99 175 174 187 4 1 28 133 150 196 106 8 17 130 162 59 65 143 100 33 195 197 103 98 75 131 154 149 135 5 50 38 84 40 48 155 54 3 170 19 70 157 107 153 180 112 23 42 111 134 147 171 10 77 132 21 188 74 56 63 96 60 52 163 101 152 110 189 116 76 102 22 164 29 71 32 97 124 80 27 144 13 122 9 176 89 108 173 139 186 179 117 159 88 20 81 158 68 140 192 125 148 7 161 169 114 166 198 183 61 91 44 64 45 137 12 105 168 11 25 14 51 85 120 69 87 128 156 94 62 95 18 57 72 90 


Best path found so far: 1766.000000   -     113.250283
116 76 102 106 196 1 133 150 189 130 17 59 110 55 182 119 83 35 123 175 34 39 136 66 90 30 199 52 101 188 74 60 163 56 21 77 198 161 169 125 114 91 192 44 128 51 120 105 12 137 45 64 164 22 80 97 124 32 71 29 181 129 145 109 138 96 31 0 92 43 184 165 126 127 152 146 115 47 36 63 118 73 147 171 132 134 61 148 68 140 183 166 7 10 25 14 85 11 176 89 13 168 87 173 139 144 69 27 84 38 40 48 186 155 5 149 135 50 88 117 159 179 20 81 158 122 9 108 154 197 151 65 143 100 67 94 156 62 160 46 79 33 99 167 178 141 72 16 57 6 113 15 142 190 24 104 18 95 86 121 172 3 170 42 111 54 180 112 107 153 23 19 26 2 58 49 157 78 185 194 193 70 82 131 75 98 103 195 177 191 8 162 187 4 28 93 174 53 41 37 


Best path found so far: 1642.000000   -     121.802680
105 51 120 44 198 125 169 161 183 7 148 140 68 132 134 147 63 188 74 56 52 152 146 126 165 115 127 47 31 119 83 199 182 30 175 35 123 90 55 37 109 36 96 138 129 181 1 28 4 196 150 162 189 110 17 130 59 195 151 65 143 100 191 18 95 178 79 167 99 57 16 72 15 6 121 86 24 104 113 172 142 190 141 58 26 78 70 157 19 170 3 111 42 54 23 153 112 180 149 155 48 186 144 27 87 85 168 77 171 10 91 192 114 166 128 25 14 69 159 88 117 20 50 135 5 107 108 154 131 75 82 2 49 194 185 193 67 46 94 160 62 156 136 39 66 34 93 174 53 41 0 92 43 184 187 145 73 118 22 164 137 45 12 64 11 89 98 103 80 97 124 32 29 71 33 177 197 8 106 116 76 102 133 13 139 173 179 81 158 84 38 40 176 9 122 60 101 163 21 61 


Best path found so far: 1589.000000   -     125.865324
82 26 2 49 185 70 157 19 78 58 193 15 6 190 121 142 104 172 24 113 86 99 167 57 95 18 79 46 156 94 62 160 67 191 65 151 59 130 189 17 162 110 90 55 175 123 30 34 136 93 174 35 119 199 83 0 184 92 43 146 152 127 126 165 115 47 36 96 60 101 163 52 188 74 56 63 32 29 71 181 1 28 4 150 196 187 118 22 164 12 105 85 120 69 87 144 139 173 38 84 186 40 155 149 107 5 50 135 81 117 88 158 159 20 179 27 176 13 168 89 98 108 154 75 131 111 42 170 23 112 54 48 9 122 192 91 166 7 183 114 169 161 125 198 64 45 137 10 171 132 134 21 147 68 140 77 61 148 44 128 14 51 25 11 97 124 80 103 197 8 106 116 76 102 133 129 73 138 145 109 31 37 182 53 41 66 39 177 195 143 100 33 178 16 72 141 194 180 153 3 


Best path found so far: 1461.000000   -     136.892539
54 112 153 180 107 149 135 5 50 159 158 88 117 20 81 173 139 144 13 27 168 176 89 122 9 108 98 154 111 42 170 19 157 3 23 82 131 75 197 103 80 97 124 32 71 29 1 105 85 69 51 14 120 25 128 91 44 192 114 125 198 166 21 147 63 138 145 129 73 118 134 77 132 171 10 64 45 137 11 12 22 164 181 28 4 196 133 106 116 76 102 59 130 17 162 189 110 187 109 31 37 90 93 34 136 66 39 191 67 160 46 156 94 62 174 35 41 53 0 92 184 43 146 127 126 165 115 47 119 83 199 182 175 123 30 55 36 96 60 188 74 101 163 152 52 56 61 148 7 161 169 140 68 183 179 87 155 48 40 84 38 186 26 185 194 49 2 58 78 70 193 121 86 142 113 172 104 24 141 15 6 190 72 16 167 57 99 95 18 79 178 33 100 143 177 195 65 151 8 150 


Best path found so far: 1478.000000   -     135.317997
10 166 198 125 7 161 169 114 192 44 91 128 120 85 69 14 25 51 105 168 89 9 122 108 98 154 75 131 82 58 2 78 19 157 70 49 26 194 185 193 141 15 6 72 16 57 167 99 178 79 67 160 104 24 113 86 121 142 172 18 95 190 191 33 143 65 151 59 8 106 116 76 102 133 32 71 29 1 4 28 196 110 130 17 162 189 150 187 55 37 31 47 115 126 165 127 146 92 43 0 53 41 35 174 123 175 30 93 136 156 62 94 46 66 39 34 184 36 96 60 188 74 56 63 138 145 129 73 118 181 22 164 137 45 12 64 27 13 176 87 158 159 117 20 38 84 40 186 48 155 135 5 50 88 81 179 173 139 144 11 97 124 80 103 197 195 177 100 23 112 153 180 107 149 54 170 42 3 111 134 171 132 21 61 68 140 183 148 77 147 163 101 52 152 109 199 182 83 119 90 


Best path found so far: 1104.000000   -     181.159420
147 63 56 21 183 7 148 68 140 61 132 77 44 192 114 169 161 125 198 166 91 128 51 85 168 105 11 12 64 137 45 164 22 29 71 32 124 97 80 103 197 195 177 143 33 100 191 65 151 59 8 106 102 76 116 189 110 130 17 162 150 1 28 4 133 196 181 118 73 129 145 138 109 36 96 60 188 74 101 163 52 152 146 127 126 165 115 47 31 187 123 175 136 34 30 93 174 35 0 41 53 92 43 184 83 119 199 182 37 55 90 66 39 62 156 94 46 160 67 79 178 18 95 104 24 113 172 142 86 121 57 99 167 16 72 190 6 15 141 193 26 194 185 49 70 157 19 78 58 2 82 75 131 154 98 108 122 9 89 176 13 144 139 173 38 84 40 186 48 155 54 111 42 170 3 23 112 153 180 107 149 5 135 50 20 117 88 159 158 81 179 87 27 69 120 14 25 10 171 134 


